1: 2 8
2: 1 3 9
3: 2 4 10
4: 3 5 11
5: 4 6 12
6: 5 7 13
7: 6 14
8: 1 9 15
9: 2 8 10 16 31
10: 3 9 11 17
11: 4 10 12 18
12: 5 11 13 19
13: 6 12 14 17 20
14: 7 13 21 33
15: 8 16 22
16: 9 15 17 23
17: 10 13 16 18 24
18: 11 17 19 25
19: 12 18 20 26
20: 13 19 21 27
21: 14 20 28
22: 15 23 29
23: 16 22 24 30
24: 17 23 25 31
25: 18 24 26 32
26: 19 25 27 33
27: 20 26 28 34
28: 21 27 35
29: 22 30
30: 23 29 31
31: 9 24 30 32
32: 25 31 33
33: 14 26 32 34
34: 27 33 35
35: 28 34

Radius = 5
Central vertices: 13 17 18 24 25 31 32 33
Diameter = 8
Peripheral vertices: 1 28
