1500
1 1146
2 987
2 989
2 1144
3 1079
3 1082
4 270
4 898
4 1187
5 1030
5 1250
5 1390
6 956
7 231
7 438
7 1500
8 70
8 576
8 1003
9 457
9 568
9 844
9 1315
10 631
10 915
10 1236
12 885
12 1183
12 1206
13 210
13 997
13 1421
14 457
14 595
14 600
15 532
15 637
15 845
15 1145
15 1152
16 80
16 588
16 938
17 477
18 217
18 1149
19 206
19 909
20 1149
20 1488
21 190
21 747
21 1048
21 1252
22 247
22 1432
23 214
23 1015
24 772
24 900
24 1307
24 1458
25 1045
25 1281
25 1373
25 1417
26 1447
28 426
29 320
30 92
30 119
30 1226
30 1279
31 369
31 650
31 1394
32 305
32 1164
32 1299
33 432
33 439
33 1290
34 680
35 260
35 466
37 475
37 587
37 623
37 1345
38 179
39 321
39 612
39 809
39 1087
39 1352
40 146
40 960
40 1051
40 1198
40 1407
41 592
41 969
41 1086
41 1112
42 517
42 951
42 1443
43 1295
44 788
44 1422
45 52
45 482
45 513
45 905
45 984
45 1028
46 419
46 1198
46 1413
47 435
47 460
47 992
47 1064
48 884
48 961
48 1341
49 108
49 469
49 658
49 752
49 1358
49 1453
50 625
51 241
51 353
51 379
51 625
52 1494
53 107
53 968
53 1459
54 562
54 1018
55 908
56 669
56 674
56 1067
57 881
57 1021
57 1410
57 1459
58 288
58 1065
59 671
59 1298
60 543
60 784
60 1184
60 1441
61 147
61 665
61 872
61 1096
62 140
62 278
62 299
62 607
62 891
63 72
63 665
64 120
64 798
65 141
65 1023
65 1273
65 1341
66 227
66 1035
66 1044
66 1099
67 542
67 666
67 1025
67 1107
67 1147
67 1415
68 1043
68 1212
68 1289
69 990
70 345
70 385
70 656
71 132
71 241
71 591
71 680
72 740
72 1221
72 1226
73 109
73 806
73 1049
73 1232
74 450
74 643
74 881
76 253
76 1493
77 86
77 292
77 901
78 465
78 534
78 622
78 767
79 342
79 411
79 1376
80 303
81 758
81 1278
82 811
82 1470
83 710
83 815
84 270
85 107
85 552
85 727
85 1448
86 188
86 444
86 573
86 921
86 997
87 332
87 1167
88 674
88 1066
88 1275
88 1348
89 497
90 672
90 1084
91 197
91 942
92 145
92 236
92 297
93 525
94 1407
95 365
95 1057
95 1075
95 1130
95 1179
96 1312
96 1490
97 893
97 1094
98 590
98 859
99 421
100 381
100 902
100 1115
101 107
101 766
101 842
101 996
101 1424
102 137
102 176
102 216
102 253
102 316
102 1063
103 185
104 449
104 774
105 606
105 1478
106 1419
107 218
108 416
108 876
108 928
108 1026
108 1408
109 466
110 744
110 1021
110 1288
110 1377
111 454
111 554
111 963
111 1002
112 407
112 984
113 260
113 442
113 569
114 1004
114 1479
115 506
115 1116
115 1192
116 694
116 1162
116 1297
117 1228
118 303
118 849
118 1200
118 1366
118 1424
118 1476
119 815
120 231
120 335
120 888
120 1086
121 797
121 1183
121 1404
122 352
122 1019
123 369
123 596
123 1183
124 1034
124 1350
125 131
125 672
125 1229
126 1413
128 414
128 441
128 553
129 644
129 671
129 1418
129 1453
131 202
131 264
131 1375
132 828
132 1070
133 316
133 706
133 1416
134 330
134 387
134 658
134 1205
135 1279
135 1406
136 1141
136 1191
136 1405
137 335
137 557
138 225
138 460
138 477
138 1043
138 1107
139 1111
139 1448
140 618
140 1375
141 1269
141 1326
142 1414
145 591
145 682
145 970
146 207
146 643
146 784
147 211
147 341
147 667
147 1183
148 846
148 891
148 1079
148 1361
149 208
149 737
150 152
150 1234
151 436
151 452
152 285
152 902
153 238
153 443
153 542
154 688
154 722
154 775
154 1171
154 1211
154 1362
155 306
155 386
155 526
156 730
157 1302
158 499
158 638
158 916
158 1026
158 1477
159 605
160 1104
160 1399
161 1276
161 1495
162 743
163 282
163 578
163 1205
164 315
164 418
164 722
164 1269
164 1398
165 1067
166 1299
167 186
167 458
167 807
167 857
167 1089
168 909
169 449
169 466
170 1308
170 1368
171 723
171 1056
171 1071
172 237
172 1147
174 285
174 762
174 1368
175 437
175 593
175 859
175 1046
175 1165
176 293
176 556
176 601
176 1078
176 1316
177 387
177 709
177 1339
177 1385
178 264
178 282
178 1241
178 1330
178 1396
178 1407
179 974
179 1306
180 333
180 1392
181 281
181 1399
181 1445
183 503
183 1271
184 246
184 769
184 1421
185 346
185 1372
185 1417
186 964
187 346
187 899
188 328
188 476
189 288
189 305
189 497
190 229
190 638
190 686
191 426
191 1153
192 298
193 392
193 1405
194 539
194 1431
195 795
195 907
195 1129
196 1426
196 1472
197 259
197 373
197 959
198 446
198 645
198 1457
199 762
200 905
200 1303
200 1473
201 295
201 896
202 207
202 314
202 318
202 344
202 1120
203 372
203 1317
204 503
204 1376
206 321
206 1420
207 497
207 588
207 681
207 1409
207 1415
207 1463
208 1268
209 249
209 1286
210 427
211 686
211 888
211 976
211 1406
212 495
212 993
213 264
213 825
213 1023
213 1296
214 472
214 1060
215 305
215 884
215 1006
216 1301
217 323
217 813
217 1350
219 980
219 1473
220 230
220 447
220 1367
221 366
221 1049
221 1188
221 1289
222 1440
223 1007
223 1117
223 1249
223 1433
224 579
224 709
224 1258
225 700
225 1162
226 234
227 1326
228 560
228 909
228 1394
229 230
229 317
229 1421
229 1432
230 261
230 900
232 720
232 989
232 1209
233 673
233 1306
234 279
234 750
234 1170
235 468
235 988
235 991
236 591
236 840
236 997
236 1482
237 248
237 1052
237 1266
238 500
238 759
239 443
239 1142
240 746
242 353
242 392
242 611
242 1050
243 881
243 1179
243 1182
243 1217
244 439
245 729
245 1471
246 254
246 583
246 1177
246 1432
247 283
249 1164
250 635
250 655
250 789
250 875
251 1436
252 787
252 846
252 1114
252 1358
254 772
254 1023
254 1217
254 1248
254 1321
254 1333
255 1185
255 1345
255 1371
256 291
256 617
256 818
256 990
257 636
258 426
258 897
259 1024
259 1102
260 894
260 1242
260 1325
261 1059
263 550
263 640
263 702
263 1466
264 559
264 874
265 1147
265 1155
266 624
266 1239
266 1293
266 1421
267 966
267 999
267 1483
270 773
270 817
270 986
270 1018
270 1034
270 1378
271 1121
271 1277
272 285
272 530
272 888
272 1444
273 684
274 833
274 1007
274 1362
275 473
277 1003
278 509
278 866
279 1405
280 568
281 361
281 501
281 1061
281 1139
281 1319
282 636
282 670
283 682
283 1266
284 757
284 1479
285 401
286 400
286 1493
287 688
287 1014
287 1191
287 1378
288 909
288 1243
289 731
289 1154
290 807
291 336
292 455
292 577
292 1472
293 370
293 1079
293 1466
294 328
294 574
294 948
294 1115
294 1242
295 344
295 471
295 1034
295 1408
296 334
296 925
296 1110
296 1385
297 1057
297 1068
297 1335
299 423
299 605
299 878
300 1331
300 1390
301 1324
302 1128
302 1447
303 367
303 779
304 529
304 549
304 571
304 1253
304 1426
305 1334
305 1418
306 891
306 1072
306 1147
306 1164
307 871
307 1043
307 1230
307 1358
308 873
308 1363
309 767
310 682
310 1250
311 574
311 885
311 1249
311 1369
312 711
312 1442
313 317
313 606
313 1044
314 901
314 987
315 1457
316 1011
316 1094
317 455
317 1139
317 1234
318 383
319 607
319 703
319 737
319 1453
320 559
320 575
320 777
321 440
321 716
321 859
322 689
322 1317
323 1317
324 390
324 611
324 912
324 1272
324 1481
325 871
327 334
327 482
327 734
330 655
330 976
331 1191
331 1237
331 1404
332 944
332 1260
333 1106
334 943
334 1001
335 445
335 1287
335 1320
336 975
336 1069
337 615
337 740
337 807
337 868
337 1352
337 1446
338 1332
339 388
339 1231
340 387
340 778
340 839
340 1352
340 1423
341 956
341 1181
342 925
343 701
344 497
344 777
344 1099
345 1274
345 1302
347 949
347 958
347 988
347 1133
348 485
348 508
348 715
348 728
348 1018
349 1278
352 680
352 1358
353 1037
353 1334
354 660
354 789
354 1057
354 1373
355 730
356 1072
356 1079
357 760
357 1096
358 893
359 1495
360 840
360 1277
361 421
362 813
363 377
363 385
363 839
363 1011
367 391
367 471
367 860
367 868
367 1041
367 1175
368 1184
369 501
369 1028
370 917
370 1015
372 808
373 722
373 862
373 1203
373 1232
374 505
374 1388
375 1306
375 1335
376 389
376 524
376 870
376 904
376 1404
377 562
377 979
377 1369
378 822
378 1187
380 527
380 728
380 1176
381 1325
381 1444
382 742
382 913
383 1413
384 919
385 680
386 1195
386 1364
387 453
387 1213
387 1256
388 1486
389 410
389 413
389 1161
389 1178
390 994
391 501
393 1313
394 1025
396 588
396 619
396 845
396 1118
397 710
397 1059
398 1160
398 1185
398 1218
399 492
399 735
399 761
399 1214
399 1292
399 1436
400 1370
401 1382
402 528
402 670
402 1167
402 1403
405 983
407 614
407 712
407 724
407 912
407 1232
407 1405
408 745
408 956
408 1085
408 1165
408 1447
409 567
409 897
409 1170
411 476
411 1160
412 1106
413 1204
414 545
414 987
414 1459
416 1268
416 1377
417 438
417 499
417 701
417 1237
417 1442
418 726
419 847
420 627
420 1343
420 1381
422 1373
424 470
426 717
426 908
427 686
428 615
428 617
428 1120
429 1468
431 1075
433 1177
433 1256
433 1438
434 835
434 1302
434 1368
435 808
438 981
438 1328
439 457
439 1124
440 446
440 882
440 1462
441 762
441 898
441 1084
441 1457
441 1469
442 828
442 1256
443 891
443 1047
443 1249
445 855
446 577
448 452
449 782
449 1105
449 1156
451 572
451 1241
451 1428
452 929
452 1078
453 526
454 765
454 994
454 1149
454 1398
455 571
455 954
456 629
456 1009
456 1129
456 1328
458 796
460 661
460 888
460 1414
461 819
461 1118
461 1217
461 1238
462 1223
463 488
463 632
463 1093
465 569
465 1032
466 967
466 1117
467 1389
469 699
469 1294
470 746
470 1218
470 1329
471 660
472 718
472 1129
472 1166
472 1478
474 548
474 699
474 932
474 1229
475 602
476 671
476 1362
477 659
478 790
479 676
480 1200
481 599
481 935
484 1258
485 693
485 1251
485 1385
485 1474
486 755
486 1180
487 1241
488 734
488 853
489 677
489 688
489 928
489 1066
492 627
492 1426
493 1370
494 975
495 1005
496 607
497 551
497 922
498 672
499 1432
501 1497
502 1280
504 1393
505 821
505 1163
505 1485
506 922
506 1086
506 1189
506 1225
506 1447
507 816
508 898
509 589
509 748
509 994
510 843
510 848
510 1103
510 1389
511 1471
512 555
512 1479
513 585
513 1084
514 634
515 609
516 657
517 853
517 1300
517 1305
518 854
518 960
518 1263
519 607
519 1491
520 541
520 824
521 902
523 746
523 1043
523 1215
523 1249
523 1270
523 1389
523 1479
524 1365
525 836
527 573
527 935
528 551
528 1367
529 1112
529 1405
530 695
530 897
533 1143
534 807
534 870
534 1149
534 1170
536 1097
541 929
541 1442
542 627
542 1070
543 1179
543 1449
544 1208
546 671
546 1204
546 1271
547 917
548 1184
548 1313
549 1403
549 1459
550 954
551 822
551 903
551 925
551 1274
552 1242
553 1118
555 879
555 1212
555 1489
556 1049
557 952
558 988
558 1426
560 757
561 796
562 1229
562 1445
563 1350
563 1426
563 1437
564 1377
565 776
565 1072
565 1179
566 697
566 1027
566 1249
567 819
567 898
567 1251
568 1292
569 700
570 863
572 1049
573 796
573 1094
574 1196
575 981
575 1338
576 719
576 748
576 989
577 801
577 1188
578 803
578 1222
578 1460
579 1063
579 1364
579 1465
579 1494
580 582
582 1011
582 1292
582 1403
582 1443
582 1484
583 1312
584 1264
585 933
585 1457
587 797
588 1302
589 1295
589 1316
589 1499
590 802
590 1128
591 1193
591 1314
591 1417
591 1458
592 840
593 631
593 1103
593 1359
594 1037
595 1366
596 1248
596 1254
597 655
597 1065
599 634
599 639
599 935
599 1034
599 1249
603 617
604 860
605 1286
606 781
606 962
606 1315
606 1442
606 1465
607 618
608 1170
611 666
612 1075
612 1177
612 1272
614 1111
616 902
619 720
619 738
619 1056
619 1215
619 1267
620 958
622 631
622 924
622 1203
623 635
624 1407
625 685
625 815
625 972
625 1449
626 632
626 1243
630 1441
631 759
631 948
631 1260
632 909
633 1122
633 1256
634 675
635 775
635 1440
637 878
638 658
639 1176
641 1246
641 1489
642 917
643 1064
643 1287
643 1326
643 1467
644 1077
645 1060
645 1426
647 867
647 983
651 752
651 1482
652 1020
652 1240
653 682
653 1232
653 1373
654 676
654 1322
655 1012
655 1208
655 1289
657 1026
659 1466
661 757
661 885
662 682
662 884
662 1236
662 1437
664 804
665 1344
666 1129
668 872
668 1126
668 1146
669 1040
670 686
671 675
673 824
674 1116
675 817
675 849
675 897
676 1040
676 1177
676 1402
676 1435
677 705
677 1188
679 1232
680 1205
680 1304
682 952
682 1072
683 1137
686 1088
687 889
688 701
688 769
688 1414
689 966
689 994
689 1371
689 1454
690 693
691 768
691 1052
692 964
693 722
694 798
694 990
694 1048
694 1330
694 1331
695 877
695 1008
695 1080
696 1083
697 802
697 1301
697 1412
699 887
699 1175
699 1308
702 1221
702 1310
702 1398
704 816
704 867
705 710
705 778
705 1077
705 1441
705 1498
706 972
706 1094
706 1274
708 960
708 1426
709 742
709 954
710 1435
711 1137
712 836
712 1309
713 785
713 1347
715 1181
715 1236
715 1326
716 1132
717 1039
718 934
719 758
719 989
721 950
721 1399
722 789
722 883
723 867
724 962
724 1040
724 1107
724 1175
724 1312
724 1468
726 731
726 859
726 989
726 1194
728 949
728 1437
728 1452
729 1292
731 1329
731 1432
732 1298
732 1368
733 975
735 1047
735 1328
739 786
739 826
739 1214
741 945
741 1437
742 959
743 952
743 1005
744 931
744 1387
745 988
745 1420
746 1170
748 787
748 1072
748 1116
749 810
749 997
749 1447
750 979
750 1024
751 1059
751 1090
752 1240
752 1356
752 1460
756 1392
757 1064
757 1432
758 845
758 854
759 802
759 1097
760 974
760 1047
761 1131
761 1352
762 839
762 1127
762 1161
762 1212
765 971
766 800
767 837
767 934
768 801
768 934
770 795
770 1193
771 1126
773 1169
773 1238
773 1434
774 1235
774 1485
775 903
775 1244
775 1425
776 1420
778 1108
781 914
785 920
785 1274
787 1025
787 1119
787 1224
789 886
789 1386
790 1102
790 1265
791 1293
792 1243
794 1279
795 1280
796 1016
799 1356
801 1319
802 822
802 1145
803 1305
803 1347
806 877
806 1113
808 1295
808 1344
809 814
812 1080
813 1201
813 1400
813 1463
814 1114
814 1202
816 981
816 1322
817 1154
818 851
818 1395
820 1016
820 1190
820 1370
821 1176
821 1217
822 899
823 974
823 1356
824 849
824 1146
824 1489
825 1316
826 889
827 943
827 1395
827 1474
828 947
829 1141
829 1422
832 1203
835 867
835 1464
838 888
838 1156
841 874
842 1452
843 964
844 883
846 1305
847 1001
850 1154
851 1247
852 1120
853 1306
854 965
854 1227
854 1271
856 1081
856 1492
857 1187
858 1138
858 1187
858 1289
859 895
859 1176
859 1185
859 1389
861 970
861 1362
861 1480
862 1454
863 1151
864 918
864 1363
866 1015
868 883
868 953
871 1200
872 1152
876 974
876 1260
877 1326
878 1098
878 1269
878 1315
881 1145
882 1006
883 1245
884 974
887 1237
887 1260
887 1441
888 1153
889 1033
889 1127
890 1360
891 1236
892 1455
893 1195
893 1338
893 1400
894 1375
895 994
895 1196
896 973
896 1157
897 1171
898 1235
899 1449
901 1318
901 1323
902 1035
903 1194
903 1234
904 1333
904 1452
905 1024
905 1059
905 1116
905 1165
908 1019
908 1252
909 1287
910 1441
911 1493
912 1217
913 1325
913 1356
919 1047
919 1372
921 934
921 1105
922 1497
924 980
924 1101
924 1123
924 1478
926 1204
926 1234
926 1324
926 1404
927 1197
929 1005
929 1043
931 1444
934 1263
934 1428
936 1282
939 1107
940 1462
941 1274
941 1344
941 1455
943 1302
944 1065
944 1079
944 1242
944 1432
944 1493
947 978
947 1321
948 949
948 986
948 1161
948 1167
949 1088
952 1269
956 1369
957 978
959 1062
959 1185
960 1153
964 1014
964 1144
964 1292
964 1414
966 1206
966 1372
967 1279
967 1296
968 1484
969 1011
969 1077
969 1184
969 1245
970 1155
972 1018
973 1465
974 1358
975 1116
977 1080
977 1349
981 1024
981 1438
982 1040
982 1347
984 1183
984 1407
985 1486
986 1051
987 1316
988 1082
988 1270
989 1367
989 1478
990 1054
991 1119
991 1483
992 1012
992 1105
993 1060
997 1252
998 1308
1004 1326
1005 1055
1005 1369
1006 1211
1006 1254
1006 1376
1008 1052
1010 1072
1010 1463
1013 1127
1016 1062
1016 1206
1016 1487
1017 1238
1020 1212
1020 1468
1021 1061
1021 1364
1024 1372
1024 1382
1025 1086
1026 1234
1026 1325
1026 1394
1027 1200
1028 1135
1028 1481
1029 1418
1032 1065
1032 1449
1034 1449
1037 1320
1037 1354
1037 1393
1038 1342
1040 1111
1041 1422
1042 1268
1045 1340
1045 1344
1046 1177
1046 1375
1046 1500
1047 1076
1049 1177
1050 1052
1052 1396
1053 1095
1054 1468
1055 1253
1055 1368
1056 1337
1058 1351
1060 1100
1060 1420
1064 1175
1065 1330
1066 1295
1071 1194
1074 1309
1074 1398
1075 1083
1075 1354
1076 1428
1076 1496
1077 1116
1081 1156
1083 1257
1084 1475
1086 1240
1089 1150
1091 1220
1091 1222
1092 1339
1095 1290
1096 1163
1096 1319
1098 1102
1102 1346
1103 1157
1104 1288
1106 1128
1106 1370
1106 1486
1112 1463
1113 1269
1113 1324
1114 1147
1114 1427
1116 1141
1118 1260
1119 1132
1119 1158
1120 1494
1123 1420
1124 1328
1127 1224
1127 1444
1129 1317
1131 1389
1131 1406
1135 1257
1136 1202
1139 1311
1139 1406
1139 1423
1139 1455
1141 1244
1142 1161
1142 1173
1142 1242
1143 1237
1144 1397
1145 1169
1145 1494
1146 1417
1150 1282
1160 1227
1161 1375
1162 1164
1164 1319
1165 1220
1165 1498
1167 1259
1168 1261
1168 1295
1172 1380
1173 1240
1176 1296
1177 1255
1178 1337
1179 1401
1181 1332
1183 1318
1184 1487
1187 1417
1188 1484
1189 1373
1189 1463
1190 1416
1191 1222
1191 1338
1194 1198
1194 1344
1194 1400
1194 1403
1197 1236
1197 1274
1197 1356
1197 1474
1199 1292
1200 1205
1200 1328
1203 1226
1205 1289
1206 1384
1206 1456
1212 1366
1213 1216
1215 1342
1215 1490
1216 1467
1217 1430
1218 1453
1220 1314
1221 1395
1222 1360
1228 1256
1233 1272
1233 1402
1233 1406
1237 1347
1238 1484
1239 1280
1239 1392
1241 1302
1242 1293
1243 1496
1247 1319
1253 1392
1253 1405
1256 1437
1260 1492
1263 1450
1265 1389
1267 1286
1267 1379
1269 1435
1271 1388
1274 1286
1275 1381
1276 1466
1277 1443
1278 1340
1279 1409
1280 1390
1282 1299
1282 1367
1285 1475
1288 1392
1290 1295
1290 1385
1291 1304
1291 1379
1293 1371
1297 1400
1297 1493
1298 1466
1302 1447
1304 1348
1305 1454
1306 1314
1306 1352
1308 1442
1310 1487
1315 1450
1317 1335
1317 1411
1320 1352
1329 1373
1332 1412
1340 1403
1347 1485
1348 1457
1350 1447
1351 1448
1357 1456
1360 1366
1366 1445
1386 1497
1388 1460
1389 1493
1390 1422
1398 1406
1401 1486
1407 1417
1415 1442
1419 1499
1434 1438
1475 1497
0 0
614 1488
33 78
1365 636
459 1354
873 705
713 204
1084 829
494 1079
24 615
95 898
1039 656
1316 996
1013 853
401 1270
1451 689
1218 638
1139 398
58 912
85 12
254 545
0 0
