1: 1146
2: 987 989 1144
3: 1079 1082
4: 270 898 1187
5: 1030 1250 1390
6: 956
7: 231 438 1500
8: 70 576 1003
9: 457 568 844 1315
10: 631 915 1236
11: 
12: 885 1183 1206
13: 210 997 1421
14: 457 595 600
15: 532 637 845 1145 1152
16: 80 588 938
17: 477
18: 217 1149
19: 206 909
20: 1149 1488
21: 190 747 1048 1252
22: 247 1432
23: 214 1015
24: 772 900 1307 1458
25: 1045 1281 1373 1417
26: 1447
27: 
28: 426
29: 320
30: 92 119 1226 1279
31: 369 650 1394
32: 305 1164 1299
33: 432 439 1290
34: 680
35: 260 466
36: 
37: 475 587 623 1345
38: 179
39: 321 612 809 1087 1352
40: 146 960 1051 1198 1407
41: 592 969 1086 1112
42: 517 951 1443
43: 1295
44: 788 1422
45: 52 482 513 905 984 1028
46: 419 1198 1413
47: 435 460 992 1064
48: 884 961 1341
49: 108 469 658 752 1358 1453
50: 625
51: 241 353 379 625
52: 45 1494
53: 107 968 1459
54: 562 1018
55: 908
56: 669 674 1067
57: 881 1021 1410 1459
58: 288 1065
59: 671 1298
60: 543 784 1184 1441
61: 147 665 872 1096
62: 140 278 299 607 891
63: 72 665
64: 120 798
65: 141 1023 1273 1341
66: 227 1035 1044 1099
67: 542 666 1025 1107 1147 1415
68: 1043 1212 1289
69: 990
70: 8 345 385 656
71: 132 241 591 680
72: 63 740 1221 1226
73: 109 806 1049 1232
74: 450 643 881
75: 
76: 253 1493
77: 86 292 901
78: 465 534 622 767
79: 342 411 1376
80: 16 303
81: 758 1278
82: 811 1470
83: 710 815
84: 270
85: 107 552 727 1448
86: 77 188 444 573 921 997
87: 332 1167
88: 674 1066 1275 1348
89: 497
90: 672 1084
91: 197 942
92: 30 145 236 297
93: 525
94: 1407
95: 365 1057 1075 1130 1179
96: 1312 1490
97: 893 1094
98: 590 859
99: 421
100: 381 902 1115
101: 107 766 842 996 1424
102: 137 176 216 253 316 1063
103: 185
104: 449 774
105: 606 1478
106: 1419
107: 53 85 101 218
108: 49 416 876 928 1026 1408
109: 73 466
110: 744 1021 1288 1377
111: 454 554 963 1002
112: 407 984
113: 260 442 569
114: 1004 1479
115: 506 1116 1192
116: 694 1162 1297
117: 1228
118: 303 849 1200 1366 1424 1476
119: 30 815
120: 64 231 335 888 1086
121: 797 1183 1404
122: 352 1019
123: 369 596 1183
124: 1034 1350
125: 131 672 1229
126: 1413
127: 
128: 414 441 553
129: 644 671 1418 1453
130: 
131: 125 202 264 1375
132: 71 828 1070
133: 316 706 1416
134: 330 387 658 1205
135: 1279 1406
136: 1141 1191 1405
137: 102 335 557
138: 225 460 477 1043 1107
139: 1111 1448
140: 62 618 1375
141: 65 1269 1326
142: 1414
143: 
144: 
145: 92 591 682 970
146: 40 207 643 784
147: 61 211 341 667 1183
148: 846 891 1079 1361
149: 208 737
150: 152 1234
151: 436 452
152: 150 285 902
153: 238 443 542
154: 688 722 775 1171 1211 1362
155: 306 386 526
156: 730
157: 1302
158: 499 638 916 1026 1477
159: 605
160: 1104 1399
161: 1276 1495
162: 743
163: 282 578 1205
164: 315 418 722 1269 1398
165: 1067
166: 1299
167: 186 458 807 857 1089
168: 909
169: 449 466
170: 1308 1368
171: 723 1056 1071
172: 237 1147
173: 
174: 285 762 1368
175: 437 593 859 1046 1165
176: 102 293 556 601 1078 1316
177: 387 709 1339 1385
178: 264 282 1241 1330 1396 1407
179: 38 974 1306
180: 333 1392
181: 281 1399 1445
182: 
183: 503 1271
184: 246 769 1421
185: 103 346 1372 1417
186: 167 964
187: 346 899
188: 86 328 476
189: 288 305 497
190: 21 229 638 686
191: 426 1153
192: 298
193: 392 1405
194: 539 1431
195: 795 907 1129
196: 1426 1472
197: 91 259 373 959
198: 446 645 1457
199: 762
200: 905 1303 1473
201: 295 896
202: 131 207 314 318 344 1120
203: 372 1317
204: 503 1376
205: 
206: 19 321 1420
207: 146 202 497 588 681 1409 1415 1463
208: 149 1268
209: 249 1286
210: 13 427
211: 147 686 888 976 1406
212: 495 993
213: 264 825 1023 1296
214: 23 472 1060
215: 305 884 1006
216: 102 1301
217: 18 323 813 1350
218: 107
219: 980 1473
220: 230 447 1367
221: 366 1049 1188 1289
222: 1440
223: 1007 1117 1249 1433
224: 579 709 1258
225: 138 700 1162
226: 234
227: 66 1326
228: 560 909 1394
229: 190 230 317 1421 1432
230: 220 229 261 900
231: 7 120
232: 720 989 1209
233: 673 1306
234: 226 279 750 1170
235: 468 988 991
236: 92 591 840 997 1482
237: 172 248 1052 1266
238: 153 500 759
239: 443 1142
240: 746
241: 51 71
242: 353 392 611 1050
243: 881 1179 1182 1217
244: 439
245: 729 1471
246: 184 254 583 1177 1432
247: 22 283
248: 237
249: 209 1164
250: 635 655 789 875
251: 1436
252: 787 846 1114 1358
253: 76 102
254: 246 772 1023 1217 1248 1321 1333
255: 1185 1345 1371
256: 291 617 818 990
257: 636
258: 426 897
259: 197 1024 1102
260: 35 113 894 1242 1325
261: 230 1059
262: 
263: 550 640 702 1466
264: 131 178 213 559 874
265: 1147 1155
266: 624 1239 1293 1421
267: 966 999 1483
268: 
269: 
270: 4 84 773 817 986 1018 1034 1378
271: 1121 1277
272: 285 530 888 1444
273: 684
274: 833 1007 1362
275: 473
276: 
277: 1003
278: 62 509 866
279: 234 1405
280: 568
281: 181 361 501 1061 1139 1319
282: 163 178 636 670
283: 247 682 1266
284: 757 1479
285: 152 174 272 401
286: 400 1493
287: 688 1014 1191 1378
288: 58 189 909 1243
289: 731 1154
290: 807
291: 256 336
292: 77 455 577 1472
293: 176 370 1079 1466
294: 328 574 948 1115 1242
295: 201 344 471 1034 1408
296: 334 925 1110 1385
297: 92 1057 1068 1335
298: 192
299: 62 423 605 878
300: 1331 1390
301: 1324
302: 1128 1447
303: 80 118 367 779
304: 529 549 571 1253 1426
305: 32 189 215 1334 1418
306: 155 891 1072 1147 1164
307: 871 1043 1230 1358
308: 873 1363
309: 767
310: 682 1250
311: 574 885 1249 1369
312: 711 1442
313: 317 606 1044
314: 202 901 987
315: 164 1457
316: 102 133 1011 1094
317: 229 313 455 1139 1234
318: 202 383
319: 607 703 737 1453
320: 29 559 575 777
321: 39 206 440 716 859
322: 689 1317
323: 217 1317
324: 390 611 912 1272 1481
325: 871
326: 
327: 334 482 734
328: 188 294
329: 
330: 134 655 976
331: 1191 1237 1404
332: 87 944 1260
333: 180 1106
334: 296 327 943 1001
335: 120 137 445 1287 1320
336: 291 975 1069
337: 615 740 807 868 1352 1446
338: 1332
339: 388 1231
340: 387 778 839 1352 1423
341: 147 956 1181
342: 79 925
343: 701
344: 202 295 497 777 1099
345: 70 1274 1302
346: 185 187
347: 949 958 988 1133
348: 485 508 715 728 1018
349: 1278
350: 
351: 
352: 122 680 1358
353: 51 242 1037 1334
354: 660 789 1057 1373
355: 730
356: 1072 1079
357: 760 1096
358: 893
359: 1495
360: 840 1277
361: 281 421
362: 813
363: 377 385 839 1011
364: 
365: 95
366: 221
367: 303 391 471 860 868 1041 1175
368: 1184
369: 31 123 501 1028
370: 293 917 1015
371: 
372: 203 808
373: 197 722 862 1203 1232
374: 505 1388
375: 1306 1335
376: 389 524 870 904 1404
377: 363 562 979 1369
378: 822 1187
379: 51
380: 527 728 1176
381: 100 1325 1444
382: 742 913
383: 318 1413
384: 919
385: 70 363 680
386: 155 1195 1364
387: 134 177 340 453 1213 1256
388: 339 1486
389: 376 410 413 1161 1178
390: 324 994
391: 367 501
392: 193 242
393: 1313
394: 1025
395: 
396: 588 619 845 1118
397: 710 1059
398: 1160 1185 1218
399: 492 735 761 1214 1292 1436
400: 286 1370
401: 285 1382
402: 528 670 1167 1403
403: 
404: 
405: 983
406: 
407: 112 614 712 724 912 1232 1405
408: 745 956 1085 1165 1447
409: 567 897 1170
410: 389
411: 79 476 1160
412: 1106
413: 389 1204
414: 128 545 987 1459
415: 
416: 108 1268 1377
417: 438 499 701 1237 1442
418: 164 726
419: 46 847
420: 627 1343 1381
421: 99 361
422: 1373
423: 299
424: 470
425: 
426: 28 191 258 717 908
427: 210 686
428: 615 617 1120
429: 1468
430: 
431: 1075
432: 33
433: 1177 1256 1438
434: 835 1302 1368
435: 47 808
436: 151
437: 175
438: 7 417 981 1328
439: 33 244 457 1124
440: 321 446 882 1462
441: 128 762 898 1084 1457 1469
442: 113 828 1256
443: 153 239 891 1047 1249
444: 86
445: 335 855
446: 198 440 577
447: 220
448: 452
449: 104 169 782 1105 1156
450: 74
451: 572 1241 1428
452: 151 448 929 1078
453: 387 526
454: 111 765 994 1149 1398
455: 292 317 571 954
456: 629 1009 1129 1328
457: 9 14 439
458: 167 796
459: 
460: 47 138 661 888 1414
461: 819 1118 1217 1238
462: 1223
463: 488 632 1093
464: 
465: 78 569 1032
466: 35 109 169 967 1117
467: 1389
468: 235
469: 49 699 1294
470: 424 746 1218 1329
471: 295 367 660
472: 214 718 1129 1166 1478
473: 275
474: 548 699 932 1229
475: 37 602
476: 188 411 671 1362
477: 17 138 659
478: 790
479: 676
480: 1200
481: 599 935
482: 45 327
483: 
484: 1258
485: 348 693 1251 1385 1474
486: 755 1180
487: 1241
488: 463 734 853
489: 677 688 928 1066
490: 
491: 
492: 399 627 1426
493: 1370
494: 975
495: 212 1005
496: 607
497: 89 189 207 344 551 922
498: 672
499: 158 417 1432
500: 238
501: 281 369 391 1497
502: 1280
503: 183 204
504: 1393
505: 374 821 1163 1485
506: 115 922 1086 1189 1225 1447
507: 816
508: 348 898
509: 278 589 748 994
510: 843 848 1103 1389
511: 1471
512: 555 1479
513: 45 585 1084
514: 634
515: 609
516: 657
517: 42 853 1300 1305
518: 854 960 1263
519: 607 1491
520: 541 824
521: 902
522: 
523: 746 1043 1215 1249 1270 1389 1479
524: 376 1365
525: 93 836
526: 155 453
527: 380 573 935
528: 402 551 1367
529: 304 1112 1405
530: 272 695 897
531: 
532: 15
533: 1143
534: 78 807 870 1149 1170
535: 
536: 1097
537: 
538: 
539: 194
540: 
541: 520 929 1442
542: 67 153 627 1070
543: 60 1179 1449
544: 1208
545: 414
546: 671 1204 1271
547: 917
548: 474 1184 1313
549: 304 1403 1459
550: 263 954
551: 497 528 822 903 925 1274
552: 85 1242
553: 128 1118
554: 111
555: 512 879 1212 1489
556: 176 1049
557: 137 952
558: 988 1426
559: 264 320
560: 228 757
561: 796
562: 54 377 1229 1445
563: 1350 1426 1437
564: 1377
565: 776 1072 1179
566: 697 1027 1249
567: 409 819 898 1251
568: 9 280 1292
569: 113 465 700
570: 863
571: 304 455
572: 451 1049
573: 86 527 796 1094
574: 294 311 1196
575: 320 981 1338
576: 8 719 748 989
577: 292 446 801 1188
578: 163 803 1222 1460
579: 224 1063 1364 1465 1494
580: 582
581: 
582: 580 1011 1292 1403 1443 1484
583: 246 1312
584: 1264
585: 513 933 1457
586: 
587: 37 797
588: 16 207 396 1302
589: 509 1295 1316 1499
590: 98 802 1128
591: 71 145 236 1193 1314 1417 1458
592: 41 840
593: 175 631 1103 1359
594: 1037
595: 14 1366
596: 123 1248 1254
597: 655 1065
598: 
599: 481 634 639 935 1034 1249
600: 14
601: 176
602: 475
603: 617
604: 860
605: 159 299 1286
606: 105 313 781 962 1315 1442 1465
607: 62 319 496 519 618
608: 1170
609: 515
610: 
611: 242 324 666
612: 39 1075 1177 1272
613: 
614: 407 1111
615: 337 428
616: 902
617: 256 428 603
618: 140 607
619: 396 720 738 1056 1215 1267
620: 958
621: 
622: 78 631 924 1203
623: 37 635
624: 266 1407
625: 50 51 685 815 972 1449
626: 632 1243
627: 420 492 542
628: 
629: 456
630: 1441
631: 10 593 622 759 948 1260
632: 463 626 909
633: 1122 1256
634: 514 599 675
635: 250 623 775 1440
636: 257 282
637: 15 878
638: 158 190 658
639: 599 1176
640: 263
641: 1246 1489
642: 917
643: 74 146 1064 1287 1326 1467
644: 129 1077
645: 198 1060 1426
646: 
647: 867 983
648: 
649: 
650: 31
651: 752 1482
652: 1020 1240
653: 682 1232 1373
654: 676 1322
655: 250 330 597 1012 1208 1289
656: 70
657: 516 1026
658: 49 134 638
659: 477 1466
660: 354 471
661: 460 757 885
662: 682 884 1236 1437
663: 
664: 804
665: 61 63 1344
666: 67 611 1129
667: 147
668: 872 1126 1146
669: 56 1040
670: 282 402 686
671: 59 129 476 546 675
672: 90 125 498
673: 233 824
674: 56 88 1116
675: 634 671 817 849 897
676: 479 654 1040 1177 1402 1435
677: 489 705 1188
678: 
679: 1232
680: 34 71 352 385 1205 1304
681: 207
682: 145 283 310 653 662 952 1072
683: 1137
684: 273
685: 625
686: 190 211 427 670 1088
687: 889
688: 154 287 489 701 769 1414
689: 322 966 994 1371 1454
690: 693
691: 768 1052
692: 964
693: 485 690 722
694: 116 798 990 1048 1330 1331
695: 530 877 1008 1080
696: 1083
697: 566 802 1301 1412
698: 
699: 469 474 887 1175 1308
700: 225 569
701: 343 417 688
702: 263 1221 1310 1398
703: 319
704: 816 867
705: 677 710 778 1077 1441 1498
706: 133 972 1094 1274
707: 
708: 960 1426
709: 177 224 742 954
710: 83 397 705 1435
711: 312 1137
712: 407 836 1309
713: 785 1347
714: 
715: 348 1181 1236 1326
716: 321 1132
717: 426 1039
718: 472 934
719: 576 758 989
720: 232 619
721: 950 1399
722: 154 164 373 693 789 883
723: 171 867
724: 407 962 1040 1107 1175 1312 1468
725: 
726: 418 731 859 989 1194
727: 85
728: 348 380 949 1437 1452
729: 245 1292
730: 156 355
731: 289 726 1329 1432
732: 1298 1368
733: 975
734: 327 488
735: 399 1047 1328
736: 
737: 149 319
738: 619
739: 786 826 1214
740: 72 337
741: 945 1437
742: 382 709 959
743: 162 952 1005
744: 110 931 1387
745: 408 988 1420
746: 240 470 523 1170
747: 21
748: 509 576 787 1072 1116
749: 810 997 1447
750: 234 979 1024
751: 1059 1090
752: 49 651 1240 1356 1460
753: 
754: 
755: 486
756: 1392
757: 284 560 661 1064 1432
758: 81 719 845 854
759: 238 631 802 1097
760: 357 974 1047
761: 399 1131 1352
762: 174 199 441 839 1127 1161 1212
763: 
764: 
765: 454 971
766: 101 800
767: 78 309 837 934
768: 691 801 934
769: 184 688
770: 795 1193
771: 1126
772: 24 254
773: 270 1169 1238 1434
774: 104 1235 1485
775: 154 635 903 1244 1425
776: 565 1420
777: 320 344
778: 340 705 1108
779: 303
780: 
781: 606 914
782: 449
783: 
784: 60 146
785: 713 920 1274
786: 739
787: 252 748 1025 1119 1224
788: 44
789: 250 354 722 886 1386
790: 478 1102 1265
791: 1293
792: 1243
793: 
794: 1279
795: 195 770 1280
796: 458 561 573 1016
797: 121 587
798: 64 694
799: 1356
800: 766
801: 577 768 1319
802: 590 697 759 822 1145
803: 578 1305 1347
804: 664
805: 
806: 73 877 1113
807: 167 290 337 534
808: 372 435 1295 1344
809: 39 814
810: 749
811: 82
812: 1080
813: 217 362 1201 1400 1463
814: 809 1114 1202
815: 83 119 625
816: 507 704 981 1322
817: 270 675 1154
818: 256 851 1395
819: 461 567
820: 1016 1190 1370
821: 505 1176 1217
822: 378 551 802 899
823: 974 1356
824: 520 673 849 1146 1489
825: 213 1316
826: 739 889
827: 943 1395 1474
828: 132 442 947
829: 1141 1422
830: 
831: 
832: 1203
833: 274
834: 
835: 434 867 1464
836: 525 712
837: 767
838: 888 1156
839: 340 363 762
840: 236 360 592
841: 874
842: 101 1452
843: 510 964
844: 9 883
845: 15 396 758
846: 148 252 1305
847: 419 1001
848: 510
849: 118 675 824
850: 1154
851: 818 1247
852: 1120
853: 488 517 1306
854: 518 758 965 1227 1271
855: 445
856: 1081 1492
857: 167 1187
858: 1138 1187 1289
859: 98 175 321 726 895 1176 1185 1389
860: 367 604
861: 970 1362 1480
862: 373 1454
863: 570 1151
864: 918 1363
865: 
866: 278 1015
867: 647 704 723 835
868: 337 367 883 953
869: 
870: 376 534
871: 307 325 1200
872: 61 668 1152
873: 308
874: 264 841
875: 250
876: 108 974 1260
877: 695 806 1326
878: 299 637 1098 1269 1315
879: 555
880: 
881: 57 74 243 1145
882: 440 1006
883: 722 844 868 1245
884: 48 215 662 974
885: 12 311 661
886: 789
887: 699 1237 1260 1441
888: 120 211 272 460 838 1153
889: 687 826 1033 1127
890: 1360
891: 62 148 306 443 1236
892: 1455
893: 97 358 1195 1338 1400
894: 260 1375
895: 859 994 1196
896: 201 973 1157
897: 258 409 530 675 1171
898: 4 441 508 567 1235
899: 187 822 1449
900: 24 230
901: 77 314 1318 1323
902: 100 152 521 616 1035
903: 551 775 1194 1234
904: 376 1333 1452
905: 45 200 1024 1059 1116 1165
906: 
907: 195
908: 55 426 1019 1252
909: 19 168 228 288 632 1287
910: 1441
911: 1493
912: 324 407 1217
913: 382 1325 1356
914: 781
915: 10
916: 158
917: 370 547 642
918: 864
919: 384 1047 1372
920: 785
921: 86 934 1105
922: 497 506 1497
923: 
924: 622 980 1101 1123 1478
925: 296 342 551
926: 1204 1234 1324 1404
927: 1197
928: 108 489
929: 452 541 1005 1043
930: 
931: 744 1444
932: 474
933: 585
934: 718 767 768 921 1263 1428
935: 481 527 599
936: 1282
937: 
938: 16
939: 1107
940: 1462
941: 1274 1344 1455
942: 91
943: 334 827 1302
944: 332 1065 1079 1242 1432 1493
945: 741
946: 
947: 828 978 1321
948: 294 631 949 986 1161 1167
949: 347 728 948 1088
950: 721
951: 42
952: 557 682 743 1269
953: 868
954: 455 550 709
955: 
956: 6 341 408 1369
957: 978
958: 347 620
959: 197 742 1062 1185
960: 40 518 708 1153
961: 48
962: 606 724
963: 111
964: 186 692 843 1014 1144 1292 1414
965: 854
966: 267 689 1206 1372
967: 466 1279 1296
968: 53 1484
969: 41 1011 1077 1184 1245
970: 145 861 1155
971: 765
972: 625 706 1018
973: 896 1465
974: 179 760 823 876 884 1358
975: 336 494 733 1116
976: 211 330
977: 1080 1349
978: 947 957
979: 377 750
980: 219 924
981: 438 575 816 1024 1438
982: 1040 1347
983: 405 647
984: 45 112 1183 1407
985: 1486
986: 270 948 1051
987: 2 314 414 1316
988: 235 347 558 745 1082 1270
989: 2 232 576 719 726 1367 1478
990: 69 256 694 1054
991: 235 1119 1483
992: 47 1012 1105
993: 212 1060
994: 390 454 509 689 895
995: 
996: 101
997: 13 86 236 749 1252
998: 1308
999: 267
1000: 
1001: 334 847
1002: 111
1003: 8 277
1004: 114 1326
1005: 495 743 929 1055 1369
1006: 215 882 1211 1254 1376
1007: 223 274
1008: 695 1052
1009: 456
1010: 1072 1463
1011: 316 363 582 969
1012: 655 992
1013: 1127
1014: 287 964
1015: 23 370 866
1016: 796 820 1062 1206 1487
1017: 1238
1018: 54 270 348 972
1019: 122 908
1020: 652 1212 1468
1021: 57 110 1061 1364
1022: 
1023: 65 213 254
1024: 259 750 905 981 1372 1382
1025: 67 394 787 1086
1026: 108 158 657 1234 1325 1394
1027: 566 1200
1028: 45 369 1135 1481
1029: 1418
1030: 5
1031: 
1032: 465 1065 1449
1033: 889
1034: 124 270 295 599 1449
1035: 66 902
1036: 
1037: 353 594 1320 1354 1393
1038: 1342
1039: 717
1040: 669 676 724 982 1111
1041: 367 1422
1042: 1268
1043: 68 138 307 523 929
1044: 66 313
1045: 25 1340 1344
1046: 175 1177 1375 1500
1047: 443 735 760 919 1076
1048: 21 694
1049: 73 221 556 572 1177
1050: 242 1052
1051: 40 986
1052: 237 691 1008 1050 1396
1053: 1095
1054: 990 1468
1055: 1005 1253 1368
1056: 171 619 1337
1057: 95 297 354
1058: 1351
1059: 261 397 751 905
1060: 214 645 993 1100 1420
1061: 281 1021
1062: 959 1016
1063: 102 579
1064: 47 643 757 1175
1065: 58 597 944 1032 1330
1066: 88 489 1295
1067: 56 165
1068: 297
1069: 336
1070: 132 542
1071: 171 1194
1072: 306 356 565 682 748 1010
1073: 
1074: 1309 1398
1075: 95 431 612 1083 1354
1076: 1047 1428 1496
1077: 644 705 969 1116
1078: 176 452
1079: 3 148 293 356 944
1080: 695 812 977
1081: 856 1156
1082: 3 988
1083: 696 1075 1257
1084: 90 441 513 1475
1085: 408
1086: 41 120 506 1025 1240
1087: 39
1088: 686 949
1089: 167 1150
1090: 751
1091: 1220 1222
1092: 1339
1093: 463
1094: 97 316 573 706
1095: 1053 1290
1096: 61 357 1163 1319
1097: 536 759
1098: 878 1102
1099: 66 344
1100: 1060
1101: 924
1102: 259 790 1098 1346
1103: 510 593 1157
1104: 160 1288
1105: 449 921 992
1106: 333 412 1128 1370 1486
1107: 67 138 724 939
1108: 778
1109: 
1110: 296
1111: 139 614 1040
1112: 41 529 1463
1113: 806 1269 1324
1114: 252 814 1147 1427
1115: 100 294
1116: 115 674 748 905 975 1077 1141
1117: 223 466
1118: 396 461 553 1260
1119: 787 991 1132 1158
1120: 202 428 852 1494
1121: 271
1122: 633
1123: 924 1420
1124: 439 1328
1125: 
1126: 668 771
1127: 762 889 1013 1224 1444
1128: 302 590 1106
1129: 195 456 472 666 1317
1130: 95
1131: 761 1389 1406
1132: 716 1119
1133: 347
1134: 
1135: 1028 1257
1136: 1202
1137: 683 711
1138: 858
1139: 281 317 1311 1406 1423 1455
1140: 
1141: 136 829 1116 1244
1142: 239 1161 1173 1242
1143: 533 1237
1144: 2 964 1397
1145: 15 802 881 1169 1494
1146: 1 668 824 1417
1147: 67 172 265 306 1114
1148: 
1149: 18 20 454 534
1150: 1089 1282
1151: 863
1152: 15 872
1153: 191 888 960
1154: 289 817 850
1155: 265 970
1156: 449 838 1081
1157: 896 1103
1158: 1119
1159: 
1160: 398 411 1227
1161: 389 762 948 1142 1375
1162: 116 225 1164
1163: 505 1096
1164: 32 249 306 1162 1319
1165: 175 408 905 1220 1498
1166: 472
1167: 87 402 948 1259
1168: 1261 1295
1169: 773 1145
1170: 234 409 534 608 746
1171: 154 897
1172: 1380
1173: 1142 1240
1174: 
1175: 367 699 724 1064
1176: 380 639 821 859 1296
1177: 246 433 612 676 1046 1049 1255
1178: 389 1337
1179: 95 243 543 565 1401
1180: 486
1181: 341 715 1332
1182: 243
1183: 12 121 123 147 984 1318
1184: 60 368 548 969 1487
1185: 255 398 859 959
1186: 
1187: 4 378 857 858 1417
1188: 221 577 677 1484
1189: 506 1373 1463
1190: 820 1416
1191: 136 287 331 1222 1338
1192: 115
1193: 591 770
1194: 726 903 1071 1198 1344 1400 1403
1195: 386 893
1196: 574 895
1197: 927 1236 1274 1356 1474
1198: 40 46 1194
1199: 1292
1200: 118 480 871 1027 1205 1328
1201: 813
1202: 814 1136
1203: 373 622 832 1226
1204: 413 546 926
1205: 134 163 680 1200 1289
1206: 12 966 1016 1384 1456
1207: 
1208: 544 655
1209: 232
1210: 
1211: 154 1006
1212: 68 555 762 1020 1366
1213: 387 1216
1214: 399 739
1215: 523 619 1342 1490
1216: 1213 1467
1217: 243 254 461 821 912 1430
1218: 398 470 1453
1219: 
1220: 1091 1165 1314
1221: 72 702 1395
1222: 578 1091 1191 1360
1223: 462
1224: 787 1127
1225: 506
1226: 30 72 1203
1227: 854 1160
1228: 117 1256
1229: 125 474 562
1230: 307
1231: 339
1232: 73 373 407 653 679
1233: 1272 1402 1406
1234: 150 317 903 926 1026
1235: 774 898
1236: 10 662 715 891 1197
1237: 331 417 887 1143 1347
1238: 461 773 1017 1484
1239: 266 1280 1392
1240: 652 752 1086 1173
1241: 178 451 487 1302
1242: 260 294 552 944 1142 1293
1243: 288 626 792 1496
1244: 775 1141
1245: 883 969
1246: 641
1247: 851 1319
1248: 254 596
1249: 223 311 443 523 566 599
1250: 5 310
1251: 485 567
1252: 21 908 997
1253: 304 1055 1392 1405
1254: 596 1006
1255: 1177
1256: 387 433 442 633 1228 1437
1257: 1083 1135
1258: 224 484
1259: 1167
1260: 332 631 876 887 1118 1492
1261: 1168
1262: 
1263: 518 934 1450
1264: 584
1265: 790 1389
1266: 237 283
1267: 619 1286 1379
1268: 208 416 1042
1269: 141 164 878 952 1113 1435
1270: 523 988
1271: 183 546 854 1388
1272: 324 612 1233
1273: 65
1274: 345 551 706 785 941 1197 1286
1275: 88 1381
1276: 161 1466
1277: 271 360 1443
1278: 81 349 1340
1279: 30 135 794 967 1409
1280: 502 795 1239 1390
1281: 25
1282: 936 1150 1299 1367
1283: 
1284: 
1285: 1475
1286: 209 605 1267 1274
1287: 335 643 909
1288: 110 1104 1392
1289: 68 221 655 858 1205
1290: 33 1095 1295 1385
1291: 1304 1379
1292: 399 568 582 729 964 1199
1293: 266 791 1242 1371
1294: 469
1295: 43 589 808 1066 1168 1290
1296: 213 967 1176
1297: 116 1400 1493
1298: 59 732 1466
1299: 32 166 1282
1300: 517
1301: 216 697
1302: 157 345 434 588 943 1241 1447
1303: 200
1304: 680 1291 1348
1305: 517 803 846 1454
1306: 179 233 375 853 1314 1352
1307: 24
1308: 170 699 998 1442
1309: 712 1074
1310: 702 1487
1311: 1139
1312: 96 583 724
1313: 393 548
1314: 591 1220 1306
1315: 9 606 878 1450
1316: 176 589 825 987
1317: 203 322 323 1129 1335 1411
1318: 901 1183
1319: 281 801 1096 1164 1247
1320: 335 1037 1352
1321: 254 947
1322: 654 816
1323: 901
1324: 301 926 1113
1325: 260 381 913 1026
1326: 141 227 643 715 877 1004
1327: 
1328: 438 456 735 1124 1200
1329: 470 731 1373
1330: 178 694 1065
1331: 300 694
1332: 338 1181 1412
1333: 254 904
1334: 305 353
1335: 297 375 1317
1336: 
1337: 1056 1178
1338: 575 893 1191
1339: 177 1092
1340: 1045 1278 1403
1341: 48 65
1342: 1038 1215
1343: 420
1344: 665 808 941 1045 1194
1345: 37 255
1346: 1102
1347: 713 803 982 1237 1485
1348: 88 1304 1457
1349: 977
1350: 124 217 563 1447
1351: 1058 1448
1352: 39 337 340 761 1306 1320
1353: 
1354: 1037 1075
1355: 
1356: 752 799 823 913 1197
1357: 1456
1358: 49 252 307 352 974
1359: 593
1360: 890 1222 1366
1361: 148
1362: 154 274 476 861
1363: 308 864
1364: 386 579 1021
1365: 524
1366: 118 595 1212 1360 1445
1367: 220 528 989 1282
1368: 170 174 434 732 1055
1369: 311 377 956 1005
1370: 400 493 820 1106
1371: 255 689 1293
1372: 185 919 966 1024
1373: 25 354 422 653 1189 1329
1374: 
1375: 131 140 894 1046 1161
1376: 79 204 1006
1377: 110 416 564
1378: 270 287
1379: 1267 1291
1380: 1172
1381: 420 1275
1382: 401 1024
1383: 
1384: 1206
1385: 177 296 485 1290
1386: 789 1497
1387: 744
1388: 374 1271 1460
1389: 467 510 523 859 1131 1265 1493
1390: 5 300 1280 1422
1391: 
1392: 180 756 1239 1253 1288
1393: 504 1037
1394: 31 228 1026
1395: 818 827 1221
1396: 178 1052
1397: 1144
1398: 164 454 702 1074 1406
1399: 160 181 721
1400: 813 893 1194 1297
1401: 1179 1486
1402: 676 1233
1403: 402 549 582 1194 1340
1404: 121 331 376 926
1405: 136 193 279 407 529 1253
1406: 135 211 1131 1139 1233 1398
1407: 40 94 178 624 984 1417
1408: 108 295
1409: 207 1279
1410: 57
1411: 1317
1412: 697 1332
1413: 46 126 383
1414: 142 460 688 964
1415: 67 207 1442
1416: 133 1190
1417: 25 185 591 1146 1187 1407
1418: 129 305 1029
1419: 106 1499
1420: 206 745 776 1060 1123
1421: 13 184 229 266
1422: 44 829 1041 1390
1423: 340 1139
1424: 101 118
1425: 775
1426: 196 304 492 558 563 645 708
1427: 1114
1428: 451 934 1076
1429: 
1430: 1217
1431: 194
1432: 22 229 246 499 731 757 944
1433: 223
1434: 773 1438
1435: 676 710 1269
1436: 251 399
1437: 563 662 728 741 1256
1438: 433 981 1434
1439: 
1440: 222 635
1441: 60 630 705 887 910
1442: 312 417 541 606 1308 1415
1443: 42 582 1277
1444: 272 381 931 1127
1445: 181 562 1366
1446: 337
1447: 26 302 408 506 749 1302 1350
1448: 85 139 1351
1449: 543 625 899 1032 1034
1450: 1263 1315
1451: 
1452: 728 842 904
1453: 49 129 319 1218
1454: 689 862 1305
1455: 892 941 1139
1456: 1206 1357
1457: 198 315 441 585 1348
1458: 24 591
1459: 53 57 414 549
1460: 578 752 1388
1461: 
1462: 440 940
1463: 207 813 1010 1112 1189
1464: 835
1465: 579 606 973
1466: 263 293 659 1276 1298
1467: 643 1216
1468: 429 724 1020 1054
1469: 441
1470: 82
1471: 245 511
1472: 196 292
1473: 200 219
1474: 485 827 1197
1475: 1084 1285 1497
1476: 118
1477: 158
1478: 105 472 924 989
1479: 114 284 512 523
1480: 861
1481: 324 1028
1482: 236 651
1483: 267 991
1484: 582 968 1188 1238
1485: 505 774 1347
1486: 388 985 1106 1401
1487: 1016 1184 1310
1488: 20
1489: 555 641 824
1490: 96 1215
1491: 519
1492: 856 1260
1493: 76 286 911 944 1297 1389
1494: 52 579 1120 1145
1495: 161 359
1496: 1076 1243
1497: 501 922 1386 1475
1498: 705 1165
1499: 589 1419
1500: 7 1046

The distance from 614 to 1488 is 9
A shortest 614-1488 path is: 614 407 712 1309 1074 1398 454 1149 20 1488

The distance from 33 to 78 is 9
A shortest 33-78 path is: 33 439 457 9 1315 1450 1263 934 767 78

The distance from 1365 to 636 is 10
A shortest 1365-636 path is: 1365 524 376 389 1161 948 1167 402 670 282 636

The distance from 459 to 1354 is infinity
No 459-1354 path exists

The distance from 873 to 705 is infinity
No 873-705 path exists

The distance from 713 to 204 is 8
A shortest 713-204 path is: 713 785 1274 551 925 342 79 1376 204

The distance from 1084 to 829 is 6
A shortest 1084-829 path is: 1084 513 45 905 1116 1141 829

The distance from 494 to 1079 is 6
A shortest 494-1079 path is: 494 975 1116 748 1072 356 1079

The distance from 24 to 615 is 7
A shortest 24-615 path is: 24 1458 591 1314 1306 1352 337 615

The distance from 95 to 898 is 7
A shortest 95-898 path is: 95 1179 243 1217 461 819 567 898

The distance from 1039 to 656 is 10
A shortest 1039-656 path is: 1039 717 426 908 1019 122 352 680 385 70 656

The distance from 1316 to 996 is 7
A shortest 1316-996 path is: 1316 987 414 1459 53 107 101 996

The distance from 1013 to 853 is 7
A shortest 1013-853 path is: 1013 1127 762 839 340 1352 1306 853

The distance from 401 to 1270 is 8
A shortest 401-1270 path is: 401 285 174 762 1212 68 1043 523 1270

The distance from 1451 to 689 is infinity
No 1451-689 path exists

The distance from 1218 to 638 is 4
A shortest 1218-638 path is: 1218 1453 49 658 638

The distance from 1139 to 398 is 6
A shortest 1139-398 path is: 1139 1406 1131 1389 859 1185 398

The distance from 58 to 912 is 7
A shortest 58-912 path is: 58 1065 944 1432 246 254 1217 912

The distance from 85 to 12 is 7
A shortest 85-12 path is: 85 552 1242 294 574 311 885 12

The distance from 254 to 545 is 7
A shortest 254-545 path is: 254 1023 213 825 1316 987 414 545
