100 1000 1000

28 4 3478.0
27 70 -7812.1
90 80 2231.9
38 43 335.5
88 38 1335.0
69 18 -1757.1
42 84 -8246.7
56 20 2241.0
30 48 2489.9
26 16 7851.7
79 75 7834.6
66 2 9117.0
58 96 1579.2
46 15 2351.3
69 1 -9591.2
20 89 -8453.9
97 49 8730.4
61 39 -7212.5
79 76 -2166.5
58 32 246.4
11 98 8480.1
55 48 1083.1
96 1 -1111.7
28 85 4084.2
36 64 5436.3
88 24 6871.9
47 7 -8491.7
95 24 7704.2
37 2 5739.2
65 28 -8021.0
95 97 -8090.7
14 4 6015.9
48 71 2090.4
1 4 -9610.5
34 88 -6998.1
18 80 9236.3
91 77 -6893.5
53 2 -2744.8
14 60 4891.6
85 79 6547.2
77 45 7025.0
19 20 -1892.0
33 82 -9903.6
93 22 -6859.8
55 72 -6766.4
4 30 -5999.6
71 1 -435.1
2 2 -9714.0
10 25 7505.0
9 38 6904.5
16 35 -2627.8
48 33 -4323.0
21 7 5718.6
35 73 2920.9
85 80 -4527.5
99 5 -7632.5
43 85 6781.9
75 16 148.4
62 26 -6918.8
37 30 7663.5
10 63 -2760.2
51 74 -9330.7
40 89 -7698.3
8 68 -1850.5
79 41 6603.1
62 4 9621.3
9 13 -5682.7
86 51 429.5
79 19 3549.4
87 63 -9432.7
42 76 -3234.2
53 100 9364.5
33 4 7710.5
13 27 3662.4
82 53 2359.3
99 22 9442.1
41 86 8298.7
89 29 8171.6
84 31 6379.7
98 87 5866.1
8 18 3405.7
25 94 -4652.1
100 21 6783.8
79 61 -8797.3
27 10 8251.4
98 59 4959.5
64 71 -1188.0
76 32 -5277.1
63 53 1658.3
94 85 5814.6
53 16 -237.5
69 58 -6176.4
41 10 -3317.7
77 79 -7151.1
86 74 3633.9
58 37 -1857.8
66 64 3326.3
26 56 -1540.7
18 100 -7013.7
40 35 1242.1
15 67 5293.5
14 99 -9428.2
71 34 -5995.7
11 63 -5766.9
16 93 380.8
3 3 3195.3
60 6 6203.9
84 3 -1174.8
74 43 -3619.3
29 62 -9946.5
5 53 3826.5
53 58 2644.2
35 24 -7578.7
38 25 -3619.1
48 68 1014.0
90 30 1914.7
89 100 1585.5
10 86 -4545.0
17 58 9184.1
21 48 7584.9
61 34 138.3
29 71 -765.3
21 21 7773.8
14 56 -2826.4
82 26 -462.2
80 77 -3697.9
31 46 -3902.1
13 97 -3202.5
21 49 -7121.5
82 84 429.8
74 34 6263.2
8 59 -4111.8
77 25 -581.1
21 72 -9994.0
15 76 6085.1
6 99 -178.1
18 17 -5304.8
98 34 9888.4
6 43 6273.9
35 57 7900.1
75 99 -3730.8
75 54 -6393.7
58 97 -3136.6
33 69 9495.3
96 86 -8738.3
33 40 2583.3
65 5 2491.6
26 44 -8094.0
9 5 -5098.1
97 88 -8619.0
70 40 6002.1
82 9 -5105.3
71 76 751.4
88 56 -9528.8
87 20 -9368.1
40 82 -2585.0
28 29 -1418.4
16 16 5877.6
51 83 7868.8
25 98 -6237.6
9 95 6586.0
81 79 -9501.1
53 34 -9874.9
39 76 2253.8
61 42 -7193.0
33 66 1496.1
80 65 9688.8
96 43 -5568.5
76 53 -9605.6
23 14 -9442.5
64 32 -43.3
95 68 -2425.6
43 90 -897.9
82 77 -8654.8
18 27 8582.4
31 88 7798.9
91 83 -1513.1
39 56 -5470.0
9 96 351.8
66 15 -968.5
46 60 -1670.1
100 78 -5524.4
49 56 -6943.8
52 4 -4861.0
48 15 3345.6
56 42 4761.7
70 11 9356.4
28 68 7230.0
91 80 -2515.9
83 66 9267.6
74 31 1683.0
17 80 9820.5
100 34 4566.7
58 19 5219.5
28 87 -2971.3
91 74 2321.9
23 75 -2646.8
61 54 8969.0
20 56 -7436.3
84 7 -3801.5
46 25 -5785.0
68 39 -776.0
28 54 9032.4
96 48 5551.3
30 41 -4772.8
29 44 -3422.1
100 44 7651.6
47 63 5690.4
36 34 -8015.0
32 80 1299.4
73 47 -8791.2
67 26 1394.1
49 32 -9354.3
61 31 1077.4
93 58 -6974.4
82 25 6291.8
50 93 -2629.0
33 20 7640.8
45 13 5149.0
93 77 8348.0
17 23 -4734.5
3 29 1722.8
83 10 -8575.9
2 87 -5580.5
6 26 -2300.1
63 44 -1606.1
43 95 -7982.1
70 47 3887.9
39 59 352.3
48 17 -6223.8
81 67 7803.4
47 94 -4341.2
79 86 -6680.7
55 65 4587.1
14 34 2041.3
84 100 -3595.7
44 88 -451.5
75 53 1157.7
44 2 -7847.5
85 19 8425.2
37 4 1189.8
29 42 3662.2
100 20 6211.4
12 68 5226.6
39 44 -1011.3
30 92 -4133.3
88 85 8906.1
38 55 -493.8
30 31 -1801.7
67 98 -4015.1
48 32 9504.6
51 58 5616.8
45 72 -3700.4
65 51 9212.1
58 67 -1021.2
64 75 9783.9
23 11 -6309.1
65 8 -5721.8
69 52 -6594.6
11 7 5465.9
52 26 8029.9
61 67 2002.1
36 96 -9812.3
86 55 3944.8
70 97 5795.2
70 37 3596.4
90 15 -3719.8
59 15 -7941.9
63 69 5241.5
9 39 -3207.0
64 39 804.0
59 30 -9262.9
29 81 4964.1
62 91 -7154.8
38 84 4774.6
54 58 -5921.1
68 40 6884.1
59 20 6379.1
10 90 -3069.0
11 78 -3518.8
26 89 -2879.6
63 61 5901.9
7 86 3306.2
20 41 3977.6
47 70 1196.2
42 15 -566.7
18 16 -1887.0
26 95 -3115.5
46 46 -2691.3
81 68 -3753.0
9 57 7786.0
76 44 4053.5
44 93 -2806.2
29 72 -1035.7
34 3 -3082.2
45 92 9135.3
76 46 3242.6
91 10 -1018.5
81 81 4751.1
53 70 -5482.2
88 42 -9522.9
15 69 6688.8
50 98 -3238.0
8 11 -2718.7
10 82 5213.7
80 75 -9556.3
62 100 -490.8
3 47 4670.3
72 82 -4827.7
41 35 5293.7
89 88 -6198.8
50 60 -3920.5
74 71 915.4
92 83 -3353.3
8 60 6407.3
84 4 -17.6
89 9 -6104.2
99 19 -3571.2
3 94 9411.2
83 3 -3587.3
34 39 -3711.6
12 34 9258.6
37 57 -2530.1
50 63 9730.9
24 79 1159.2
20 65 908.0
27 60 -2424.8
64 73 9715.2
88 28 -2141.7
86 10 6379.0
71 72 -5150.2
30 6 -6775.1
100 18 -9566.5
95 76 1172.1
91 92 5319.7
93 63 -8790.9
52 38 -3974.8
20 68 -6487.9
35 70 -1127.7
14 95 82.2
71 42 1446.5
52 74 -2521.7
26 31 -6138.9
57 72 8670.2
82 81 -9956.9
43 43 -1205.2
75 5 4403.2
32 17 -9649.0
74 63 -245.2
39 51 745.8
9 11 -6452.8
3 26 -1849.9
64 35 6804.6
4 86 5542.4
47 10 -8107.1
41 33 -8459.6
14 13 6050.6
45 96 -3499.7
53 53 -635.6
59 19 464.3
97 73 -7480.9
30 43 7857.9
8 54 2341.8
93 17 -4872.5
88 2 30.0
30 91 -8903.5
40 44 -2968.9
63 91 -4589.6
92 44 -4644.0
53 39 -4532.2
95 51 -5986.6
4 53 8197.7
93 70 -5624.3
92 39 8500.1
84 1 -5736.5
6 97 -5622.9
31 19 -3611.6
85 3 2301.4
13 19 1874.6
23 82 -5313.8
25 35 3425.3
97 32 -1728.2
83 53 -7653.3
13 72 1618.0
13 66 4086.9
25 64 -2009.7
29 34 -1634.6
88 26 8303.1
36 97 4790.3
73 41 5492.4
56 51 338.6
33 65 2630.1
24 45 -4624.3
41 98 3927.9
96 17 8235.1
5 36 -1362.8
69 63 5757.0
45 32 2350.0
9 65 -944.4
12 36 5436.7
89 23 -3153.5
96 50 -6129.3
52 60 2064.1
85 21 -1227.2
28 3 -9984.1
26 21 2827.6
25 25 5183.8
78 91 886.4
77 99 259.4
67 41 120.6
100 90 -6402.5
44 73 8354.4
61 100 1388.2
39 1 -1089.7
94 40 -7792.5
6 73 -2371.9
94 9 -5066.2
100 39 8315.6
56 64 4427.5
20 24 -2100.1
31 76 -2401.9
81 6 -660.8
19 43 -2074.2
15 52 2399.5
15 45 -5692.2
41 89 2972.8
87 59 -3142.6
53 85 332.1
81 23 2619.8
32 99 4561.7
65 56 -1992.1
59 97 9149.2
65 17 1812.0
87 2 -6538.6
42 66 -5915.1
37 28 -4143.7
75 14 322.6
41 87 9909.7
37 62 -6720.1
45 75 -9559.3
99 40 2692.4
94 74 -5556.6
93 83 5146.8
26 53 -5824.1
44 35 -6821.8
30 99 8765.1
66 48 -1144.6
72 99 -2083.7
85 100 -7486.2
7 12 9831.2
95 10 1165.8
19 35 -6797.4
60 93 6818.7
96 12 3560.1
46 8 7997.1
47 98 2337.9
66 21 -7960.5
45 66 1679.4
73 46 181.9
45 90 4678.7
88 6 -1227.9
24 30 6390.5
50 7 3341.1
17 67 2846.0
10 45 -3440.7
93 98 -7066.1
5 67 -1596.3
36 27 -579.0
45 39 -7910.9
100 42 5011.4
51 8 -3437.8
71 82 -1432.4
92 16 -2054.9
9 92 2205.4
46 13 5529.7
80 19 -6846.6
73 88 2540.3
43 37 8797.1
78 60 3118.4
5 63 4090.8
15 57 1993.2
13 17 5882.4
69 77 -154.5
7 75 -3966.0
59 47 -3873.5
53 32 -7306.3
65 82 -5430.1
81 26 7483.5
2 34 9300.4
72 80 -8804.7
90 21 7016.7
88 7 -9507.1
42 90 3521.6
30 34 -9471.1
64 44 -6920.6
40 54 9032.7
3 52 5024.5
21 37 -1766.4
18 37 -6176.5
53 59 -665.7
22 75 -2563.0
34 36 8989.8
63 38 -475.3
74 85 -3754.2
73 84 9721.6
60 50 -9966.4
49 50 -1015.6
1 68 2465.4
60 34 2765.5
36 92 -6028.8
29 25 6178.0
85 22 3453.1
45 48 3984.1
5 5 5944.8
91 90 3223.4
75 36 -1468.8
67 22 4442.4
56 17 1658.0
58 15 -2359.8
98 58 -1087.9
35 60 -1873.1
10 37 -4328.1
25 8 -3807.3
14 17 5399.5
36 87 6087.1
69 20 -6630.0
47 27 -9613.4
9 63 -4169.5
12 91 2515.7
45 24 -3036.7
12 54 -1468.9
94 90 -7166.4
42 17 -3234.4
45 62 89.4
100 46 9991.0
3 13 726.1
17 93 -4742.4
18 61 3387.3
1 98 4398.3
19 24 3092.4
100 8 -7164.4
11 81 9551.7
77 72 -7404.3
42 29 -6994.8
13 24 -8642.4
32 98 -9750.8
70 20 4898.4
76 4 1818.3
31 52 8355.1
38 8 2653.7
68 35 -7163.0
89 4 -7403.8
99 8 5459.8
16 31 -9797.4
55 56 4626.9
4 40 -8955.8
52 37 4258.7
64 12 8380.1
11 12 -5283.1
55 37 6228.0
75 79 -4242.7
70 22 3918.8
56 34 -2362.2
43 29 -5601.8
5 47 6028.8
44 14 -445.3
3 49 -4358.2
77 71 4352.8
57 94 6702.4
7 77 2753.6
13 85 -4729.4
16 85 -7161.5
32 92 -3394.1
21 50 -9492.5
16 51 -4694.5
37 88 -9141.1
21 82 4920.1
18 65 1412.3
78 93 8295.9
17 66 5544.3
56 99 -2448.0
100 52 -1327.9
28 33 -5376.4
5 74 -8368.8
15 64 8118.2
13 42 -1011.8
62 3 8195.0
70 85 -5937.2
78 25 3740.2
41 88 4194.3
23 37 3123.6
9 18 9785.9
90 84 -23.8
36 82 8841.8
99 73 2126.2
72 48 -9384.4
16 47 -4298.1
73 39 -783.6
66 10 6558.6
44 7 -1524.5
14 40 5662.9
50 25 -8260.6
55 38 8285.6
78 62 9340.5
100 49 805.7
73 40 7341.1
62 81 5722.0
57 43 -6021.7
94 23 3060.2
29 50 -8367.2
47 29 -5696.3
36 54 1305.5
36 72 -785.5
72 76 3511.3
30 24 4763.1
52 7 7090.1
12 7 -9708.8
38 47 -7256.6
12 82 -58.6
17 92 9930.7
16 60 1944.2
74 54 -412.5
27 44 4405.8
53 63 -6692.4
82 19 3216.7
22 77 785.5
81 25 376.1
69 24 9087.4
4 54 6736.8
42 95 -1429.2
47 8 3012.7
76 55 -5378.3
2 84 5777.5
11 80 -6489.7
26 79 -5479.7
12 77 -303.3
59 1 -5093.4
98 69 -5967.4
64 7 5857.3
96 32 -7107.8
54 82 -4529.3
88 59 -261.4
6 66 -6651.3
33 96 2101.0
18 72 -2302.0
78 37 1863.4
6 9 -4136.3
14 83 970.6
8 39 -6329.9
33 51 -1965.0
77 19 5693.7
89 20 -2160.5
90 39 -1270.9
36 45 4258.6
77 49 -9609.3
44 34 3518.9
99 93 -3619.8
80 67 5620.1
67 86 9153.1
20 5 -9021.8
25 72 7759.8
66 40 9245.1
15 91 -5030.2
12 75 3870.8
78 45 -7227.9
36 8 -4607.0
68 49 9680.2
62 74 -1888.6
97 39 6906.9
49 24 2484.1
45 44 -8116.3
31 40 -2631.0
19 89 -3886.3
84 43 -3279.2
22 15 5645.3
63 52 -5720.3
66 91 3448.5
10 5 -1577.2
21 54 8666.5
1 49 8379.7
65 22 -4588.0
87 3 3982.2
78 80 4097.5
43 68 8812.1
14 93 232.3
63 10 -6913.2
28 26 -2846.9
28 65 8456.8
99 42 3701.0
13 50 5670.7
44 90 1626.7
42 91 -8062.0
41 76 2178.0
80 12 -7081.9
11 50 -8087.8
86 65 1602.6
20 71 9639.8
65 52 6456.2
17 2 9831.6
72 75 9828.1
39 42 -8653.8
77 36 7533.4
24 80 9966.1
85 86 3054.9
55 47 -2312.2
49 94 2137.3
18 11 5280.7
20 19 -6335.5
73 94 -7341.0
39 73 9829.2
45 2 -8307.0
62 24 -8634.7
18 42 9608.4
72 3 5916.8
79 9 345.6
36 86 -2389.6
59 82 -4913.0
34 1 -1732.5
73 82 -2871.9
58 49 -3408.7
42 53 3449.1
28 51 5443.6
93 1 1582.0
40 2 7486.6
48 44 -2867.0
15 100 -7895.3
46 48 4545.6
81 86 2531.7
12 88 -3398.4
21 71 -1125.3
94 35 -1867.3
34 62 4875.2
76 30 936.2
47 26 -241.4
14 27 1814.0
67 65 213.1
89 61 9861.9
80 50 -8693.6
66 44 -3108.9
36 18 9030.0
32 59 -7874.7
94 72 5894.9
41 43 5028.4
82 96 9728.0
25 3 -1990.7
51 87 5317.2
34 18 -8075.5
64 10 -6244.4
47 15 -6341.4
96 83 -319.0
66 17 -1470.4
29 78 -5450.3
91 9 -3244.0
71 31 -9476.5
53 41 6289.9
17 52 8954.1
51 18 -9270.7
76 70 -500.8
34 87 9789.6
66 89 -6457.4
11 48 -7559.1
91 43 9341.5
88 11 -2185.7
94 6 9422.4
99 13 -7003.4
8 75 1681.1
7 15 -7586.8
3 55 6515.7
51 97 1355.3
80 23 -9163.4
43 99 4652.9
21 8 -189.3
23 21 3836.8
30 26 -8074.6
65 72 -2788.6
89 1 -4910.3
70 87 5444.5
43 18 -9448.9
54 79 -8075.9
74 23 3427.9
98 45 5599.3
25 12 -6220.3
82 69 1919.1
51 57 -3887.0
47 23 -4506.7
5 41 6301.2
84 45 5038.5
59 74 -2267.9
32 31 7653.3
70 96 -5394.2
78 65 3245.1
46 5 -6377.4
41 27 -7301.2
28 64 444.3
98 2 -9533.4
35 40 1232.4
2 50 7420.2
13 68 -9533.9
53 95 9395.8
50 88 -2664.1
47 37 -9367.5
95 80 8876.8
1 52 264.9
70 18 -6079.5
9 14 8029.4
95 42 3814.9
33 11 -8705.3
96 100 -7476.7
83 98 4585.8
47 80 -856.7
55 16 -2524.2
26 37 -1694.6
33 93 -5441.0
90 60 6350.6
46 79 -7923.8
27 31 9772.1
9 86 -1237.2
30 93 4672.3
95 61 -2412.6
85 58 8080.3
90 10 5134.1
99 46 -6189.2
93 37 -6890.6
52 93 -4339.5
17 68 -9721.9
53 83 -1733.6
65 62 -6052.9
90 89 1078.7
81 17 5021.4
16 82 -5148.3
90 93 8433.7
28 18 -308.0
10 14 -3364.8
57 19 5660.1
15 73 -3017.2
52 57 2127.7
46 80 2709.6
2 35 -3700.0
16 14 9712.7
91 89 6916.9
80 36 2367.5
33 8 7736.8
34 91 5580.8
91 5 -8400.7
56 58 7633.8
19 77 2003.7
98 24 9563.6
14 22 -3839.8
23 3 3309.0
38 90 9674.7
35 69 3167.8
66 24 686.6
9 48 -2908.4
17 41 495.7
81 52 -2936.8
28 34 -4893.7
24 37 4510.7
1 3 9346.3
68 34 -4109.2
99 41 9453.3
80 41 2309.1
68 28 -8853.7
34 33 -5586.8
58 60 -4940.4
38 10 -1695.8
93 85 8468.7
38 70 -9494.5
96 11 -4650.5
37 61 -9589.4
8 7 -5581.5
82 92 -7699.9
66 59 -4982.9
22 39 1207.6
17 97 1590.8
45 81 -6685.4
38 19 -3285.3
51 86 2285.8
54 67 1376.1
65 67 6386.9
92 90 616.8
49 5 841.6
74 56 -5714.3
65 88 5242.7
13 56 528.9
96 89 -9832.4
38 69 -601.2
21 34 6392.7
79 94 -3093.9
85 31 -485.2
19 78 -1153.8
21 27 3225.0
100 83 155.9
55 91 -5816.4
68 81 4870.6
22 16 -3625.0
61 45 -9697.3
7 26 -9605.3
14 15 5811.6
4 97 4057.3
36 73 -2466.8
89 76 -4499.8
8 82 5239.4
47 39 2480.8
21 42 -1581.3
54 78 8430.9
45 80 -7356.0
98 26 9239.6
94 75 371.6
26 64 8671.6
1 44 -4041.3
33 41 -2356.7
25 55 -7878.2
76 84 8032.5
44 95 -8143.1
68 45 4103.6
36 37 -4320.2
90 45 9703.7
76 90 5609.5
98 100 -5310.3
35 25 4646.3
8 84 -5022.7
38 44 3811.4
22 62 -8154.1
78 50 -5351.1
96 16 7172.2
75 13 -1150.0
62 14 4558.5
24 100 1853.1
32 11 6027.8
45 27 -3370.5
30 71 4362.4
62 64 -5704.6
58 34 7710.8
10 44 5834.4
74 41 -6753.8
27 55 9051.4
92 23 -8020.1
44 71 -6010.4
32 93 7906.2
82 32 8593.7
83 99 7982.1
26 48 502.7
8 41 7390.4
39 97 187.3
74 55 -418.6
2 58 5600.2
3 30 -1561.0
17 45 9535.5
70 14 4953.0
42 5 -981.6
55 55 -5369.6
30 50 9525.4
35 19 8152.1
48 55 9828.1
9 67 -7185.8
100 53 -6046.7
50 53 1630.6
52 49 6534.4
42 74 7979.4
28 67 3256.0
73 11 -1577.2
78 36 6657.4
26 92 7818.8
53 80 339.7
5 37 -5567.5
21 10 -2665.7
72 62 -8590.5
9 24 3079.3
47 44 24.3
68 55 -9638.6
55 7 -2900.3
39 64 -7492.8
77 18 -4751.4
93 69 3892.6
28 66 4851.3
62 75 -1474.3
4 37 2405.3
60 7 -9413.6
85 67 -3762.8
80 2 9659.9
57 8 9413.6
90 42 5398.3
18 28 -1912.1
78 98 6602.8
12 66 -2071.3
78 66 -162.6
34 49 8868.5
89 60 2382.9
99 78 3032.1
72 7 -2749.3
81 10 2452.9
16 49 -6418.2
84 54 4025.4
68 80 2736.5
33 75 -2901.9
30 61 4634.1
70 51 9664.7
1 92 -3236.1
45 93 4378.9
59 23 8104.3

76 10 3191.1
65 12 -1768.9
7 66 7330.4
66 95 7055.3
71 32 2410.1
98 72 6044.8
81 46 -495.7
85 14 1274.0
30 18 -6360.9
63 32 -9601.0
52 90 -6041.9
16 8 4937.9
11 46 -4561.9
8 84 -2419.3
66 3 -3722.8
16 58 -734.3
59 13 -3008.4
54 46 5391.2
23 5 2532.7
36 57 3554.1
20 24 1854.6
98 5 -6292.3
83 26 -7059.1
37 2 6869.7
77 28 5027.9
9 74 8242.8
9 64 3685.3
81 78 -4088.3
8 43 -8976.4
18 48 -6205.2
24 18 1809.6
30 93 2088.3
45 71 4394.1
5 18 2447.7
87 18 -1250.3
37 93 -2899.2
51 63 9365.1
27 78 -7535.0
61 79 -9291.0
9 55 2301.4
9 14 4072.2
93 32 -9101.3
59 90 -696.8
70 5 1532.8
61 95 -5785.0
1 19 -3143.3
65 13 -1416.8
16 23 8179.8
60 93 -1827.7
94 62 -3757.9
31 68 5102.0
93 94 -1965.8
5 46 -5372.9
92 55 -8947.2
2 80 -2624.8
57 71 1127.6
46 53 6769.4
94 60 -1635.1
21 43 1699.3
11 52 7454.3
98 59 -4314.4
90 25 -8813.7
27 48 9854.4
31 33 4334.8
14 47 -7107.1
58 25 4007.3
66 30 -2815.5
91 93 -1918.2
11 16 -8294.9
1 38 2958.6
46 21 -804.7
85 71 -8523.3
82 76 4650.9
76 15 -8483.5
19 17 -9361.2
42 5 3923.4
15 82 -9024.5
95 7 -8582.2
22 74 -5856.0
21 85 -8648.3
97 76 7590.9
9 41 7899.9
96 74 9228.1
50 53 9663.2
40 63 -6760.4
46 58 -657.1
76 50 2720.2
3 53 4298.2
10 39 -1291.6
73 92 9753.3
63 33 1416.7
72 93 -4303.0
4 94 9383.1
73 90 6902.1
11 67 228.9
56 38 8048.3
52 93 654.8
24 64 7689.7
24 65 -8411.9
33 99 -6665.5
8 40 -5207.4
47 11 -258.5
78 67 6322.5
59 51 4309.1
67 80 -7904.8
6 39 606.0
22 46 -1684.3
27 64 -4755.0
86 72 -3378.3
70 4 3706.7
55 40 -1711.0
8 44 -3907.8
72 9 -9414.0
60 1 -9676.8
87 80 1834.7
47 67 -7756.1
51 10 -6552.2
90 67 -8278.8
45 60 4277.2
75 19 722.9
75 44 1535.0
46 23 -6479.5
35 43 -7677.7
21 54 -6094.3
2 99 -3791.9
76 63 -9422.9
26 1 6923.2
67 33 -9841.6
95 95 -6246.6
16 66 -1703.0
6 71 -1720.2
10 11 -2482.6
96 66 7531.2
95 19 9251.9
44 56 -6580.1
35 21 -1420.4
84 53 8501.1
50 14 833.4
78 35 -811.2
93 25 8180.1
83 21 3342.0
10 42 -6068.3
58 50 8337.3
37 12 6056.9
57 40 -4226.5
21 96 2664.3
18 71 333.2
67 93 5430.7
70 32 -2367.0
44 48 598.4
70 42 4585.4
71 26 3907.7
61 5 -8954.9
32 48 -6411.1
21 80 -651.9
30 25 -6467.3
77 39 -2318.5
75 8 -9414.0
59 64 2874.6
97 83 471.6
54 25 -6682.4
61 75 -846.9
69 87 9229.5
29 29 -7026.9
33 56 -151.3
27 50 5986.3
85 4 7711.0
96 23 9618.2
68 70 954.6
30 73 605.9
99 47 9623.6
41 42 8810.7
49 16 225.0
33 55 4335.0
16 91 9979.9
45 5 -9178.4
7 91 -7600.1
46 16 -1133.4
7 60 2260.6
31 5 -6939.1
20 93 -3914.7
85 27 -974.8
35 27 7380.1
33 2 -1189.7
67 56 5871.4
81 2 -8801.0
48 54 5956.8
88 24 9725.4
73 27 -1156.5
48 21 7021.4
77 4 -63.8
85 66 163.6
20 80 -975.1
37 59 4469.4
30 86 9386.5
76 75 4819.5
36 30 4588.1
78 65 1687.8
54 27 1837.7
28 69 3301.2
91 77 9595.8
55 16 -1849.1
22 6 8066.0
71 16 -7084.2
87 81 7870.4
56 51 -4958.7
45 13 -2227.3
23 4 -1672.5
20 27 -8143.3
35 6 6976.5
29 3 4463.5
7 18 -5032.2
88 36 3959.8
44 5 5708.0
27 37 -1230.9
66 21 330.9
79 52 5281.0
70 56 7025.5
26 65 -5581.8
50 42 6520.2
68 18 8471.1
15 68 7599.7
82 1 794.4
85 48 6669.3
60 94 -810.1
90 84 -1784.3
34 53 7361.8
38 45 4462.4
10 98 -3863.9
36 31 -696.8
38 46 -2141.7
32 27 4201.2
37 61 8255.3
18 17 -1516.8
9 1 -6883.0
38 75 4189.0
24 16 -6097.5
62 74 -3255.6
70 86 -8325.9
75 71 -8815.3
95 26 2408.0
60 39 -7373.1
73 66 8208.4
65 84 -1262.0
85 9 7526.1
93 8 -3660.5
35 62 -9070.4
27 55 -2125.3
27 14 -8617.2
59 2 -3267.1
16 96 247.3
62 33 662.9
14 96 -1740.3
2 9 8586.4
10 40 -8672.6
49 66 -8221.9
34 25 2411.2
66 43 -1850.3
35 82 7762.0
5 21 1590.5
18 78 -8331.5
21 38 6614.1
87 26 8821.1
52 21 2830.7
39 53 6533.0
81 90 9140.1
96 40 -5021.3
64 15 -4658.1
7 97 8205.8
12 35 -4222.7
41 49 -8841.9
22 37 -1634.1
32 72 3935.6
32 81 4760.8
36 22 -1717.9
49 60 -2113.9
27 16 -329.0
7 5 9316.4
1 50 2110.2
70 46 5002.8
57 66 -3128.3
8 60 -7327.0
91 21 9924.5
32 53 -9058.1
74 28 3376.5
65 48 1748.2
45 37 -4390.5
80 54 -7758.5
60 66 6233.1
56 28 9884.2
30 47 -488.8
20 87 3911.5
15 35 6774.2
8 39 -3607.2
85 13 -5637.5
74 64 -6108.9
83 4 3657.9
88 4 506.9
39 10 8763.0
70 1 1397.9
82 57 -8549.4
88 71 2983.2
97 60 2173.0
96 67 -8740.8
76 23 9144.3
42 72 -6035.6
79 95 -4008.9
7 86 260.2
35 56 3291.2
22 49 -1987.3
35 87 385.8
66 81 -7721.0
49 82 -65.3
79 94 -7916.1
21 49 5880.5
55 42 5131.8
52 76 -1386.0
39 9 6531.3
91 94 -7735.9
11 91 -3451.3
92 60 9359.3
28 14 -3925.6
73 71 9243.9
24 21 -2655.5
84 94 3129.3
94 99 859.7
45 61 -5064.1
43 95 -4530.3
16 13 -2564.6
5 13 5636.6
30 57 46.0
92 52 -9762.4
48 83 -8001.3
23 59 3816.2
90 7 8117.1
40 25 -7562.0
48 73 5554.1
62 37 5647.1
57 50 -3554.8
60 40 8576.1
81 5 -3029.0
6 81 -4306.9
95 77 4197.8
32 8 1476.5
18 54 -3775.0
38 70 2406.1
77 19 5001.0
2 63 -9380.0
5 57 5984.4
73 88 -8297.7
51 37 -2625.9
29 43 9375.0
100 44 190.5
22 90 -6001.7
75 26 2424.2
29 14 -6373.2
49 87 -4158.1
39 84 -4201.1
90 63 3706.2
46 44 3673.1
10 87 -6412.6
63 12 -2523.9
65 5 -4951.7
28 36 -9204.6
8 26 7225.2
15 13 -3099.4
67 94 -4566.7
59 76 7376.1
5 95 -3833.4
43 52 5788.9
99 54 5029.3
72 79 -8532.0
45 49 -3975.5
76 78 -3758.6
26 45 9383.8
91 42 -3693.4
10 33 678.5
76 42 -4985.5
16 47 937.8
41 17 -7214.5
73 87 1343.6
93 81 8547.2
42 11 -306.3
69 77 -7192.0
53 74 -6431.4
29 61 4500.8
12 78 9727.5
32 75 -7828.7
32 76 9884.6
71 18 -4214.8
35 5 1356.1
26 61 5164.1
89 82 -2861.5
18 82 7252.3
17 74 -6552.8
51 14 5548.4
23 60 2252.4
36 45 -852.9
48 90 -4771.3
63 52 1210.8
15 62 -766.4
58 88 -4708.2
75 67 -6110.9
37 78 -3062.1
41 44 6313.2
72 98 562.8
26 47 9070.3
30 45 -2125.1
3 1 4144.6
14 65 8683.6
86 98 -4919.2
90 51 -7265.4
85 17 -6067.7
14 44 -2429.4
66 7 3198.7
2 5 -201.5
27 90 2680.9
26 80 -3476.1
1 24 -7520.4
94 36 -8034.2
64 57 8699.2
43 62 -6753.5
10 96 9217.3
20 89 6380.8
15 25 5267.6
23 45 -7786.3
29 26 9909.0
89 26 9767.3
18 22 3039.2
97 77 -9529.0
27 69 -983.6
96 33 4041.3
80 95 9349.4
50 9 945.8
13 27 -9945.9
44 17 4628.9
35 69 -7989.6
19 24 202.0
46 26 -9323.2
47 23 6143.3
16 45 4406.8
33 66 6603.8
25 75 -7442.1
2 79 938.7
33 18 -1292.7
27 21 -7106.7
64 58 2667.4
70 29 -1955.7
32 64 -6322.5
93 56 1834.4
55 66 -9139.6
68 92 -5264.5
91 83 7584.0
92 57 7720.9
75 53 4122.5
42 38 -5427.3
18 30 -9422.1
75 47 -6558.5
14 61 -1001.1
34 19 7528.9
25 58 -3147.0
36 17 -3320.8
94 42 -5443.8
13 49 -9066.9
97 78 5694.6
32 51 -2734.1
84 44 -774.9
22 28 7001.6
75 51 6233.5
19 42 1031.0
26 39 -4256.8
26 9 -4218.9
63 20 -5011.9
64 93 1841.9
41 36 -9536.0
2 90 -8801.8
11 79 -3239.0
75 4 8087.7
63 99 -3377.5
81 9 4597.5
93 93 32.9
60 70 -3199.5
64 40 -116.1
87 27 -5942.4
32 68 -5069.9
37 9 -9205.2
59 23 6388.4
94 31 4777.0
39 15 4166.4
52 77 -9217.4
96 37 -816.2
75 98 1462.5
57 3 -1961.0
78 7 -5804.9
24 40 -3397.3
93 42 9090.5
28 10 -4941.6
41 91 7310.3
15 43 4182.3
24 56 -386.8
45 95 3205.1
34 26 7476.7
48 3 5003.5
12 75 -9818.7
91 38 3868.6
20 39 -8666.0
7 31 9813.4
28 5 9526.9
71 44 1495.0
17 21 7681.0
71 90 1353.8
93 50 5075.3
60 3 4357.1
1 12 -1455.8
32 15 -7342.9
2 22 -877.0
84 91 -3580.0
73 73 -9112.4
52 51 6843.1
6 66 28.5
91 37 9485.5
74 84 -2740.9
51 6 4701.6
63 21 -3660.8
39 16 6567.0
63 37 -2032.4
8 94 -4153.4
72 21 1314.0
6 36 1004.1
30 62 -9945.9
84 70 -1353.0
72 61 -3538.0
93 47 5834.3
89 15 -7405.5
3 78 -6313.0
19 98 9616.6
42 3 2254.1
72 20 5127.6
42 35 -5299.3
8 86 2801.6
44 22 4068.6
15 61 9406.4
57 54 7765.6
41 56 -7595.5
34 72 154.7
54 64 6231.3
69 95 -7962.8
29 66 2908.0
5 55 9632.9
30 1 9678.7
47 99 -7699.6
2 72 6637.7
46 41 -6186.2
55 38 -9356.3
14 9 9309.7
59 97 -6859.5
76 53 -8455.2
62 16 -2696.5
94 73 8048.0
28 28 -6511.4
11 87 8680.4
73 22 -8037.7
34 97 5086.8
51 36 -4535.2
74 15 1501.1
41 15 5802.9
78 76 -7148.9
7 90 2733.9
95 58 -3812.2
58 74 4362.8
35 7 1038.8
50 64 2220.8
46 40 1357.5
47 27 -5392.0
95 50 736.9
39 82 -6178.1
64 4 -9510.6
82 92 2328.2
31 3 -4457.6
96 75 -3486.8
69 66 6316.6
83 24 1226.3
9 96 -2314.6
63 51 -894.9
2 13 5522.9
26 35 4941.2
54 24 -6813.1
83 7 -5111.1
65 7 6557.3
70 60 8476.3
35 16 -6570.7
80 100 5054.3
25 17 3545.4
36 25 -4520.5
100 53 -2947.2
77 49 -8827.4
26 50 -1016.7
51 77 448.8
10 9 4797.8
91 100 -2403.3
36 38 6033.6
94 29 3624.3
35 91 -4368.3
21 52 -6098.7
12 47 8563.2
69 2 -9505.7
61 51 -266.1
61 8 6042.7
53 88 5960.2
26 58 -3896.3
22 65 9579.6
75 86 -8054.6
79 13 1973.4
64 64 5158.9
72 1 -2918.7
61 59 3653.2
31 15 -3226.1
81 60 5203.7
83 28 9955.3
41 69 1200.9
41 100 6025.1
44 30 9714.7
15 65 4837.7
85 83 -998.2
54 99 -2012.3
21 51 1777.4
63 11 -638.6
19 49 -6820.1
21 99 3462.0
16 3 -2409.5
89 38 -3124.7
96 58 9471.5
74 33 8073.2
20 52 -6007.5
26 92 9527.4
49 18 8508.8
55 30 8752.1
5 35 -5624.4
12 6 9609.7
62 88 -4110.2
62 5 -3954.6
28 3 -9908.6
15 91 8908.0
5 53 6052.5
70 22 -9587.5
74 59 -993.5
25 85 -599.8
93 40 -6840.5
57 25 4932.5
75 6 -1105.0
55 69 -1464.9
16 69 -3976.1
94 18 -9750.4
49 17 8150.7
54 36 -107.9
64 44 -3566.2
58 77 -2865.8
38 55 -2187.1
45 23 8745.9
59 67 3654.6
37 24 -7650.9
96 93 3069.1
59 71 -5843.4
39 73 -2821.6
32 23 4445.3
38 39 -7272.5
73 58 -6398.9
36 10 -7072.4
93 85 -131.1
23 63 -7380.3
53 41 -8785.8
89 64 7251.9
53 29 -6698.7
15 73 -6697.3
78 45 8693.1
12 32 4302.7
7 19 985.9
98 6 -8156.5
12 90 3808.9
73 53 -7820.7
44 12 -9546.7
65 37 -4196.1
100 70 6830.5
67 5 -2092.3
62 45 -4457.8
53 33 8224.8
71 98 3449.1
8 82 8256.4
67 70 7891.7
77 31 -1852.1
81 84 6295.9
41 7 -1626.5
74 72 -4771.7
35 26 -3296.8
13 91 837.5
88 31 9759.8
59 10 -7808.1
94 16 5326.7
8 63 484.5
95 15 -6987.9
82 24 -9298.0
12 69 -6727.8
17 58 -953.2
61 26 3425.3
74 5 -256.4
86 30 -5661.0
42 23 -9773.0
6 54 -7027.1
56 53 2075.3
5 82 -8697.1
18 62 -2703.2
15 27 277.2
94 1 5455.4
1 66 -6339.3
82 50 -1643.8
6 46 -7610.2
61 77 7910.7
99 61 8672.1
71 84 7340.5
30 52 3896.6
100 24 -9019.6
48 2 -2481.4
26 20 8815.8
92 35 8907.7
17 89 3471.8
78 4 4705.1
82 59 5665.7
33 30 -6879.6
23 65 4208.2
13 79 -4047.7
89 57 -5584.3
71 46 -5117.0
89 51 9786.7
88 43 -2142.7
32 63 9630.8
14 58 -5896.5
34 87 -5113.4
3 36 -1635.7
21 40 3529.6
32 69 -3022.0
70 64 6528.8
81 4 3690.3
54 48 -4229.2
98 34 -4832.3
3 77 2563.5
69 59 -6348.2
53 13 9380.8
53 96 5383.3
92 7 -9017.8
45 82 -4088.4
18 37 4941.5
72 64 -2332.6
12 40 -9566.2
55 29 8291.3
9 90 -4736.6
5 37 525.8
91 32 -4485.4
79 86 5650.3
99 38 -4869.1
76 46 -4330.8
97 34 2565.6
75 35 1713.4
11 14 1704.1
14 3 -7008.6
20 77 316.2
18 100 665.1
11 33 -8302.8
95 28 -2200.2
95 88 -474.3
67 85 1524.0
18 31 -4345.0
22 62 -3868.3
1 76 -4259.0
48 4 8704.9
4 37 -1770.1
53 24 3431.4
72 59 4954.1
10 26 676.2
88 11 5458.7
76 73 -147.5
34 23 7065.2
12 70 -3637.2
36 20 1667.1
16 90 9325.8
98 2 5978.0
52 78 -3066.4
28 6 -1073.2
76 37 -432.2
81 63 -5853.4
89 55 -1539.2
22 9 -1609.1
38 16 -4772.2
79 60 3782.9
72 86 8533.4
54 62 4758.5
62 89 6929.5
100 78 -4070.7
76 94 5261.3
85 88 9512.8
66 22 -5439.9
75 9 1454.4
31 57 -65.5
25 57 345.8
8 1 -7248.0
14 8 -7521.2
53 75 -5354.2
71 10 -3250.2
62 21 8277.6
80 66 -2148.7
80 10 -1164.6
90 75 8825.2
70 89 4620.4
30 66 -6330.3
56 14 2204.7
20 75 -4390.5
51 12 2259.4
61 64 8667.5
39 45 39.6
83 66 4560.1
22 36 -9799.3
3 9 3268.1
32 31 -1823.7
75 16 -4943.3
62 59 -1983.5
66 38 -6376.6
39 60 87.0
43 96 2058.3
89 50 8553.2
40 71 -9331.4
19 70 9066.8
68 12 -3582.0
49 72 9824.5
5 34 2558.5
18 92 908.2
93 88 8611.0
75 24 -8642.0
65 24 5322.1
50 33 -6484.3
85 51 -8444.3
86 23 -2727.6
36 93 7774.7
84 54 -1890.6
10 51 6571.3
53 35 -7915.3
30 2 1487.4
80 9 5883.9
99 57 3800.3
43 42 -649.1
41 85 -7301.6
48 38 -3778.9
35 94 -1570.5
86 59 6028.9
8 18 -8089.8
63 77 -1574.0
65 16 2627.5
71 3 8935.8
56 89 -311.2
1 42 -8491.2
6 70 8982.0
31 80 6076.1
92 1 855.6
99 88 -277.1
58 62 7244.4
34 95 7357.4
45 92 -1200.0
41 66 7917.2
34 29 1810.3
50 85 -6732.1
92 49 -9401.6
94 43 7719.2
30 98 9403.3
91 7 -5496.6
46 93 -1869.6
70 35 4747.0
33 8 7652.4
52 81 -2944.8
6 5 -8393.4
31 10 1310.9
12 84 6804.1
59 84 -6092.3
13 55 -5505.2
25 82 5331.4
70 28 -3466.1
50 10 -6520.9
60 2 3810.2
34 57 3548.2
62 52 -8061.9
50 22 1145.6
44 31 8913.8
16 62 1079.4
13 94 -5042.0
36 98 -1972.4
1 29 -6280.8
60 17 -6661.3
71 81 -6868.7
23 23 -4087.3
33 76 3779.4
37 62 219.5
43 30 4848.4
69 65 7274.8
15 77 -2430.2
43 85 -2869.7
21 37 9739.5
98 37 964.7
60 6 -9573.6
50 7 -8510.5
41 79 -2663.0
8 96 -5319.8
43 25 -9263.5
62 76 571.8
9 81 -7762.5
26 71 -2195.0
30 56 4624.4
27 81 -7869.7
18 25 235.6
23 49 -5108.0
21 59 1177.8
12 16 1131.5
38 44 -4554.7
27 73 6731.4
93 96 -9269.1
70 69 -7911.8
32 10 -9888.5
32 40 5170.3
72 92 -1382.3
18 34 2570.0
35 50 -2514.0
30 84 7129.8
87 60 -1318.8
46 20 5202.1
36 23 1423.9
58 1 -1977.5
3 43 437.8
68 20 -1865.5
22 5 -3563.7
77 77 7553.0
92 46 -403.0
25 64 -613.8
80 13 9429.8
61 35 4714.8
48 32 9930.5
37 58 9241.4
19 95 6367.1
76 81 -6772.0
71 72 -8982.6
54 37 5408.7
31 27 -5760.7
65 96 88.2
86 73 -625.9
24 34 -213.2
16 35 -5541.6
13 74 -3981.8
48 24 2429.0
77 78 -7468.5
6 49 -6230.0
81 55 -2098.5
95 11 741.7
100 20 -9248.8
43 64 6135.7
41 45 2108.1
100 29 -1894.1
82 44 2471.7
65 55 361.5
90 26 9119.3
86 58 -433.2
86 21 7267.8
49 68 6860.4
92 75 2833.2
47 97 4717.6
93 36 -4801.9
82 86 4766.5
4 51 6079.5
46 46 -1732.6
60 42 8013.1
25 60 640.6
26 49 -6482.6
45 73 8178.5
56 70 5832.7
58 10 5798.9
1 80 6762.9
70 91 345.7
92 18 4187.8
53 81 5406.6
71 24 3658.1
14 45 4238.9
75 89 4542.0
74 26 -9374.1
13 52 5180.0
72 66 200.5
9 8 5788.4
8 8 5840.2
42 99 -3521.1
3 45 -7280.1
32 92 6903.3
2 15 -8220.2
18 24 5312.0
97 45 5804.3
3 7 6204.6
42 16 -3829.9
11 20 -2236.3
