1000000 200 200

793263 22862 306.8
378553 932956 -8913.8
667747 529737 7191.4
111443 232010 -6311.2
535402 731174 -2044.1
285464 374267 -4264.5
729476 339429 6231.4
150778 755649 -1350.2
237091 196905 -5980.7
502888 142373 3729.8
515030 577843 -7613.4
153640 699907 -4287.9
574587 536285 -7370.0
176101 651067 9940.0
624549 130562 4742.2
926289 458077 8211.6
902355 199013 -8546.4
744743 606636 -6406.3
491876 928743 4162.4
174855 362802 7470.9
238399 643181 -1356.6
962563 870879 -1594.4
508935 70240 62.4
590499 213060 -774.5
549979 418438 -600.8
423547 813282 7735.0
801212 405419 3052.9
113265 839040 -4926.9
837257 281638 5981.3
127469 308092 373.3
532169 133876 2911.1
96513 150591 3073.5
735923 392816 -6585.0
509848 665933 8673.9
50059 282031 9851.8
506744 516520 4160.8
562322 555252 -7300.6
513238 392979 -6176.9
431944 843567 8025.8
225103 318425 6664.1
427170 795316 3812.8
104599 902405 -2246.1
994089 732158 -9293.7
58059 21537 8622.0
284933 742135 1372.4
514569 356720 -1312.8
273406 906416 -9803.7
778341 851711 -4638.2
921854 957394 2424.8
535505 803404 8390.5
777471 959571 9215.2
888319 444942 6145.1
811291 502189 4594.9
981455 804311 5221.6
442637 130349 -9855.0
469061 577502 606.0
850810 176189 9361.8
312320 748347 -7293.2
152287 837555 -7315.8
168438 79097 2381.0
991612 906293 -5365.5
327196 683336 -8627.6
307613 54237 -441.6
935509 41961 7205.3
157404 863466 -3882.5
582749 483232 8255.8
560132 638207 6376.2
957702 713704 -1807.6
548447 330872 -9980.9
833058 143273 6269.2
414041 429460 5349.7
253727 843841 -9173.4
506381 730836 -7771.9
198835 184938 -4763.4
865404 824629 -5799.7
881738 169435 -7678.7
598068 513893 1221.6
851361 211449 397.9
663485 576058 3380.0
742359 460845 -9401.3
327348 374109 3779.8
953983 335923 2209.5
754498 380039 -2483.8
162785 694555 9392.5
912801 343091 3105.3
167899 147218 -6522.6
661229 158498 -2405.6
51824 993363 -196.9
367310 215181 -5298.6
598669 376068 346.5
83211 811678 7934.1
663343 474656 -5840.8
159375 857300 -2718.3
448097 281187 -9124.9
97937 148638 -729.1
416572 580776 1648.3
956462 717125 -8426.3
31187 634190 -2780.0
738122 342619 6682.4
319812 956366 2216.5
778651 739484 -6125.3
64348 393157 -1551.8
366698 703968 -340.3
827418 372501 -5252.9
931155 751037 4646.0
686378 468396 9026.4
669782 142755 9338.9
1075 234557 1445.4
464476 177073 6668.4
109844 410642 -6321.7
592586 409101 7346.9
267837 289395 7438.9
518706 295706 -4271.5
779604 46914 5673.3
533386 514921 7108.7
133204 156012 -6246.2
548465 166264 698.8
576900 374174 7147.6
825410 807795 7688.2
840390 867927 5079.4
575174 708359 -2913.5
928329 471417 34.2
142410 372355 2562.4
703229 120678 -1980.6
61240 114266 3202.5
820202 92872 6789.8
753191 891897 -7140.5
628632 696833 94.5
48889 43769 -7032.0
9049 1016 2152.6
398397 203626 -6685.4
131035 188694 7345.3
558546 568542 -8009.6
602012 210185 1965.4
631377 333664 -8268.7
785646 68830 -7756.2
732308 944538 9454.7
30670 86826 7863.2
987026 314086 -3886.3
135697 261065 -5089.4
398613 723956 9020.0
71674 233454 -6052.6
914379 88874 2755.9
562382 341224 -6265.6
451923 484247 -6020.5
576443 212186 -2694.6
391194 377030 -2352.8
975909 310350 -5196.3
349236 943494 8.9
508219 964023 1178.7
934088 974653 -7994.2
231309 278523 -259.5
475598 65934 -1659.1
911534 613279 -7047.7
173112 165191 9672.9
37211 643099 -2790.6
487446 482620 1833.0
158513 460070 -9751.6
137136 492602 -6001.4
168384 899789 -1738.4
642504 278212 9442.9
302010 677945 -2995.4
306785 860580 -7410.2
660587 47884 -8499.1
907401 236919 -6975.6
818183 821053 4411.3
406021 513513 -9079.2
567719 278833 -1873.2
793047 464487 -3600.3
457774 205374 7903.7
180576 516617 -3371.9
62234 529273 2494.5
679282 712011 2929.9
330116 671082 -5106.1
625990 25881 2737.0
450305 296161 385.2
789239 482964 -5431.0
3937 995231 -2923.8
241838 919570 9728.8
119561 962892 8187.6
869953 500937 9172.8
533023 94142 -936.4
302791 681537 -4465.3
710781 453665 1404.5
877723 535847 -5291.7
749622 709981 479.5
107466 465746 -6839.7
814315 933548 -2030.1
403652 56215 -1085.8
181673 770211 -6031.2
546766 611479 4276.9
59418 973276 -7285.0
520494 699749 6362.2
677560 81150 -53.8
855587 353227 2892.9
718953 211670 7408.9
897613 54237 -1741.2
568270 275097 1224.9
808689 528332 -2432.4
833437 807404 1144.2

482697 45820 -3015.6
20470 224817 -6051.4
950383 658667 9119.5
358232 908929 6206.5
592465 716861 -9792.8
7153 7537 -4999.2
63594 129690 -7278.3
9447 126482 9850.6
468009 37345 -1513.1
986059 76012 -3099.6
329478 367518 17.9
939413 811160 3124.3
691037 153422 185.3
281192 459944 -6186.3
53545 811259 3831.7
502219 546993 865.4
544801 716701 -1740.7
790279 115111 2247.0
334132 822284 5911.2
178584 30795 -8801.7
708716 854223 8300.8
105548 461379 9732.2
39804 436698 -9746.9
169059 245726 -7428.2
345242 484676 -7486.5
810974 709356 -8069.5
316998 994235 -9542.0
667118 180064 -8386.8
188327 380757 -8982.6
452725 356578 9730.5
307063 342106 2437.0
475823 367253 -3105.3
285269 32521 4414.9
878326 550459 -8102.0
764053 417242 -8027.7
781877 367404 -6386.7
852954 601033 -4581.1
250204 770241 -8081.4
271666 201410 -9090.4
131546 178811 -4533.5
100447 167742 4670.2
929764 296786 -8335.3
209272 385661 -9172.2
962970 629023 -7749.8
980072 806501 -5142.1
958344 421013 -2570.3
428885 10176 3483.9
335863 458251 522.5
634241 208901 -1470.2
600864 726043 -7076.1
796000 799955 -1062.1
311904 367683 2480.2
426743 546837 7582.8
292974 532366 -6725.2
416665 341250 -4489.5
628859 596326 7391.0
40721 197851 3140.9
428814 364590 -8694.4
258204 992364 -7457.4
616367 521967 -5164.3
646585 5802 1678.2
606311 981144 -6124.2
965611 376460 1692.4
341903 512132 5355.8
119660 332084 639.2
767015 341183 -9816.9
653273 438804 -5929.5
216097 482119 -6456.5
972510 171086 -6474.0
725934 593332 -1308.3
754511 26917 2386.2
985759 574621 9877.6
668578 519500 -9478.7
488902 168617 4141.2
739737 932306 504.3
69469 220127 3704.3
527391 374659 -5469.3
612760 853722 -2692.6
370880 604069 8289.5
514463 522868 -1375.1
606517 929182 -2610.9
404186 707721 7742.0
281088 752501 7971.0
243490 488661 7589.7
591606 651938 5968.8
698813 390993 -9797.6
35568 817465 9553.9
864172 237098 -5777.8
473839 21659 -5249.6
571576 95520 1153.7
139938 338437 8634.8
539951 152918 -1638.5
296982 68158 182.2
499906 584852 -3330.0
195287 770684 -3435.3
975481 369034 8195.1
293068 740993 9281.0
140132 222304 8740.7
372055 415238 -2858.4
440772 848744 3813.5
294830 214474 -6863.9
1772 680822 -8981.7
359347 427739 4995.3
464058 173470 -944.6
279638 921433 -598.0
753665 687381 733.5
3233 440566 5776.7
305033 315279 9818.8
841347 457515 -3271.2
269450 425863 9908.1
534044 837448 -9438.5
346604 136586 2608.3
289400 222162 -8345.5
756028 229656 -1607.1
189439 317516 5773.3
974128 172203 -1963.0
950238 165465 3702.5
469799 913527 9616.2
711601 464442 7596.4
681093 118294 -2205.2
111756 701380 599.1
151827 557088 -3686.9
697200 592360 3415.3
661953 708611 8968.4
454911 44450 2565.2
187185 820559 5904.0
769454 885747 6877.2
829454 882686 9961.4
557354 660858 9917.5
823787 423819 -5857.9
824058 937816 -6776.4
976116 955865 378.2
378164 234608 8232.1
312018 299084 6647.4
468234 47766 -4841.6
808842 916867 1034.8
380895 176779 -2628.2
382421 62095 8930.9
915890 800809 5449.8
889036 268839 7784.0
638823 220886 -7585.9
58670 576016 -598.1
231536 319800 5417.4
104187 833696 -4828.6
148745 722214 1455.9
773228 206867 8587.8
213937 822593 -8759.3
988047 951827 -4264.6
670593 86271 4894.1
660070 854614 -9300.8
126119 872823 -8381.0
867846 527682 7731.7
533763 377647 3072.9
103222 217374 -8298.6
742959 63036 -7550.8
302658 389457 4694.0
782474 608989 -5067.6
737231 519644 4856.8
277122 606497 -2602.6
316577 829654 -3751.7
705450 575595 -3054.1
837626 224090 1907.9
785699 458521 5256.1
665261 543477 4443.1
581300 885342 3046.9
815878 452678 6512.6
382408 293084 8742.0
708457 172012 -5906.1
273857 858528 5872.8
386220 374903 3349.0
466388 578108 1291.7
383576 10055 3450.3
1770 918312 -290.1
636121 886282 8309.2
117548 311950 710.8
988922 677648 -6534.7
700779 825278 123.7
738633 251765 5613.9
424575 615710 -8341.6
337897 794721 -7821.2
801170 991760 7964.6
2801 653654 -6423.0
854910 621465 9637.9
884078 57778 -8021.1
627700 582145 7805.7
118529 653938 -879.2
38621 755367 2164.6
433220 45151 -5462.2
346537 526663 -2684.9
753201 816617 395.8
419991 865130 3656.3
774064 971786 5560.0
337202 503603 -4945.6
930537 616864 2480.1
566235 801748 -6905.4
859148 553001 6372.6
610860 747901 -6347.3
672241 270150 -454.7
47715 335983 2361.0
968203 791254 -4078.2
