1000000 1000 1000

184114 946480 -6949.1
835741 612830 -9381.7
711135 695177 7257.5
168106 807067 -3756.4
298524 6374 -2936.9
349638 608460 -4892.9
188766 899567 9399.5
137836 3000 3137.7
938300 584541 -2411.4
642039 830702 4816.8
494488 684223 -8654.6
360278 180196 2400.4
51335 1071 2208.3
519202 132596 4765.0
85579 232445 -5593.4
291989 533741 9298.7
284329 68052 -7278.5
614299 915315 -887.4
219910 344381 2091.7
278705 890110 2042.6
644057 718647 4522.3
386551 263504 7981.0
460757 471858 3498.3
645809 318863 4395.4
867020 290624 -1379.3
815751 102855 971.6
32634 479697 5338.2
6444 188239 1723.4
201062 616259 7630.3
641148 809235 -9635.1
760106 747439 -8989.3
193956 999370 8810.5
55099 300590 1295.4
832756 351852 -3450.7
983305 695515 -4935.9
458976 423344 -5887.3
873149 919874 -1182.8
701496 809508 -5663.7
53000 16844 -1007.9
994492 802561 -8803.0
80766 803116 -5551.5
113290 410326 2300.0
842748 363967 -7887.3
318795 256189 -2912.4
776194 337551 -9730.2
475615 816448 4960.6
33637 782472 -4285.5
619711 523872 7869.0
768914 388949 -8066.3
903363 88265 9169.0
607491 122409 2688.9
275827 539903 6654.3
164211 472191 9509.2
955604 302092 7536.5
442261 37032 362.2
530974 466127 313.5
664299 796266 -9104.8
599762 734446 -9507.8
146013 408263 684.8
417099 442470 4531.1
121744 694717 1415.1
378868 659515 1051.9
357848 839557 -8577.1
553705 9634 -623.5
474857 366590 -6346.7
290243 750653 5653.6
249784 881972 -6304.2
32551 687619 -8616.2
515908 574645 -1994.0
781351 307928 -3374.8
714319 853189 -6434.7
860559 519205 1625.3
758200 120875 -9064.8
228221 193960 6437.7
261918 321575 -6746.2
98871 580627 -9450.2
856001 715011 -9482.3
461113 955638 -8783.1
895440 562753 8485.4
776659 899640 3071.8
666711 717737 1844.8
75382 682351 7133.3
625589 558755 -451.7
182297 883396 6125.3
807375 327282 4832.9
561701 478963 6907.8
288538 288748 7325.0
387043 677677 -4183.7
665526 353038 824.9
650704 757973 4490.2
701170 276963 4830.2
648657 245479 1898.2
771888 4311 179.0
164652 177524 -2964.0
599617 604903 -8305.4
756743 581217 -3938.8
331681 932158 -9589.2
435291 680561 282.4
497021 974506 -4352.4
385170 552742 -9632.0
408694 950620 -9745.4
115847 506242 1149.7
144872 648856 1078.2
165425 45270 -3350.0
712287 121267 -8251.8
132917 67935 3630.3
11575 589330 -8484.0
86108 355002 -2322.2
834418 294655 -6799.4
108526 785132 -7299.0
427507 45832 739.0
448561 167245 -9908.7
458370 509398 -8082.7
969689 487402 1220.4
706589 782354 6257.9
650129 64059 5713.0
572834 714161 -8583.5
620419 419749 -8787.2
577918 282595 -4786.1
416202 658676 -6740.2
50425 957010 3667.5
301752 831431 8230.6
642 568438 7469.9
214269 279219 4323.0
519341 308138 3120.0
444196 589714 -3968.8
239855 955630 5986.5
248871 188734 9976.7
849963 19688 -5872.9
640251 180365 -8713.7
292200 297504 -3835.5
990672 702485 163.6
321116 227120 8290.5
710829 72157 1281.4
444911 461234 3444.1
181563 346243 -3256.5
631358 1685 -3464.4
598055 334791 -1386.6
484915 130026 3702.1
87609 240446 9524.2
16966 835460 9969.6
231656 551244 802.1
307791 354799 3683.0
779307 994015 -36.2
930051 811489 3330.3
402204 847274 572.9
424 551578 6397.6
958793 337821 -2600.1
924818 537712 9344.3
381028 845118 984.5
216818 814777 -1208.5
332638 724809 -6920.5
242953 778434 7579.2
991961 65317 5581.0
138300 417792 -6806.7
520101 203715 6652.2
966292 275839 -415.0
727747 404018 1534.9
276207 790387 -799.7
501974 783011 5852.7
748459 87195 -3556.9
972938 807536 7784.6
486885 560703 -7266.9
661932 568869 -5753.2
797030 657191 4220.7
978110 762103 -847.7
495088 460861 -4189.2
666353 232643 -7142.7
144519 859571 -1767.3
946905 473029 2855.6
894244 540045 3294.6
263191 224591 9972.1
883194 89603 7027.8
756527 111670 -6038.7
943155 343990 -6545.6
186974 957357 6832.2
760979 40877 1680.2
826074 270136 8512.6
141943 967905 -9229.5
570134 254680 2487.2
944704 239958 5818.3
180558 982973 9303.2
929414 975021 6828.9
589001 859232 2438.3
661812 510118 -6784.6
330170 652681 -5954.0
596557 344067 -2610.6
88637 678894 3757.6
126570 402667 1715.8
330444 675036 4534.3
248950 327573 -9532.1
357517 952316 458.5
689441 155205 -3515.1
787109 779073 2971.1
810626 734906 7939.4
602204 689279 -6696.1
675031 408063 -5054.9
767519 817999 3850.2
400416 740458 -6491.2
804389 559308 -1654.2
198399 874212 8014.2
615095 84444 205.1
236490 964565 -1932.1
451072 677588 -3637.8
874554 613803 1875.8
298495 774942 3988.3
869507 934141 -8290.0
999257 609708 7851.7
920175 565926 -1139.8
416379 218197 235.3
931880 118600 697.3
693572 943080 6409.1
461516 117981 6963.2
441207 376169 -3536.8
879797 534032 -9212.7
768657 124950 5992.1
918186 110656 5517.4
442472 102566 8481.8
290776 649890 -6978.4
789982 465341 4003.2
906402 832956 9749.2
164097 270976 -1209.7
686456 432094 -3646.2
327030 117006 2962.5
795658 514118 5150.4
580667 270278 2668.1
131219 815824 -7373.7
220995 256830 7316.5
503227 910161 8962.7
447697 769149 -4862.5
390030 555548 -9863.1
687036 178217 -8505.4
942509 861641 519.1
653775 19693 6313.0
19582 659848 948.1
378289 882337 2894.9
954698 795897 -1587.9
610877 199418 -3111.8
606455 587497 1028.3
980981 433679 7046.5
537265 697444 -5817.1
907660 608140 4058.9
15490 410376 591.9
856435 420558 111.8
406140 908709 -7293.2
493070 220518 9498.3
966759 845759 901.9
65573 483099 -7613.0
160222 133716 3962.5
897609 529111 -6356.7
750616 720320 -3803.4
685975 922537 -8023.5
247541 919473 745.4
112045 116535 -1111.4
486786 326617 1466.3
890745 811169 -6330.3
187916 669186 3353.6
819700 841443 -1810.4
820639 149656 -6853.3
17665 830428 -2576.7
411124 423900 199.1
473510 145803 -568.0
92977 722517 4522.9
263012 591004 -8083.2
716720 334034 -9400.0
197852 465442 7186.6
899252 732324 7647.4
711096 552339 8304.2
911582 162074 -3696.5
307876 951548 1298.5
271208 886639 5653.3
108799 426861 1505.5
851059 273232 4063.8
144704 846334 -6545.2
660876 171865 -111.4
267207 396407 3811.0
932885 944943 9254.9
485354 90916 -6415.0
729694 866635 2813.9
297384 592218 5381.1
579779 474559 -6048.1
277461 504512 -7594.3
520577 191270 -7598.5
852315 421711 6366.0
30521 147015 8394.8
341335 251465 -6401.0
182441 92038 9573.9
304991 474964 -8718.9
334484 363589 -4252.5
181079 940938 -7766.7
746876 661243 -9431.2
765527 584344 -7552.8
302410 471912 -3180.9
688148 328572 8603.4
915923 218071 -6263.4
498844 963080 -487.0
820958 375320 -685.6
295700 651194 53.6
954276 682296 8901.8
709473 735512 3726.7
35621 399585 6863.7
948558 256694 -9804.0
175076 891520 -6385.0
511693 340109 -680.7
128941 318073 270.8
384940 519464 -882.0
871795 992722 3255.3
348484 741195 -447.1
885513 651225 7817.4
160894 63522 5399.2
679976 270570 9490.7
245288 927685 -5255.5
72521 957675 4576.5
686123 416130 8963.5
627846 687724 -8047.9
150320 3803 8470.5
717461 241442 8449.8
493762 874901 -7466.0
817036 180482 -3565.5
476833 739004 122.3
176020 405268 5537.2
440021 707743 6005.1
435739 368468 -8910.6
276565 654864 5778.6
632875 531999 165.7
730341 651169 4495.3
326537 620862 -1685.6
815169 79141 960.8
751858 391050 -2601.0
501413 192759 -2726.3
325312 794986 -2866.6
206476 355413 -7178.2
78244 122831 -6916.4
343334 205575 1819.0
560104 598565 6053.3
570535 550297 -5162.2
647598 763192 8343.5
215928 606316 -7854.1
503476 863567 8021.2
209865 223050 -9810.9
897018 480932 -5858.0
400001 35817 -1894.9
177133 327863 -8863.0
614334 300541 -5099.4
576810 534149 -1654.6
106437 550096 -3478.9
451743 792498 679.6
970234 95648 -3858.4
69490 941959 9828.0
810176 225169 6845.9
757108 836376 3797.3
120969 854697 9721.1
543541 727919 9383.2
998989 277770 -6975.0
854749 968327 314.3
314510 937637 6932.5
799686 3043 3968.4
607747 781233 6620.7
437000 289022 -3975.5
265 68949 7767.6
138660 329292 1231.8
180413 601388 -8632.0
430125 341010 -3231.7
977855 226511 1342.1
653742 678472 432.3
963881 460371 9937.4
120957 831557 -9520.8
150048 295369 483.1
103400 929917 -1254.8
285034 80534 8572.6
496911 196296 -2452.0
615742 298856 6493.8
619988 180674 -5297.6
366162 239286 503.9
928214 708561 -569.0
252743 603161 9422.7
458720 289388 8913.9
403514 763648 149.9
812563 923950 4483.0
752807 212058 7538.9
489004 441275 2829.9
659739 17312 -7844.9
592396 809255 1431.4
581853 448477 -2707.8
540994 890972 6342.7
845115 278986 -4672.8
530135 780560 -2636.3
186096 232183 -5288.7
289756 649486 9817.7
910786 945514 5315.0
544475 168039 9292.0
921212 769572 2115.5
33284 291484 6573.7
931415 979606 -7749.0
365687 991134 588.7
140849 31297 9817.5
854703 607218 4442.3
737697 981974 4049.6
621791 65829 -3743.7
454814 665097 5491.2
380786 370782 2063.0
376784 740448 7690.5
526683 288576 -4351.7
578803 287182 2769.5
282795 636938 7557.2
308328 68194 -4691.4
674086 74736 5610.6
652692 631279 1046.3
607677 400068 -4601.2
984099 938834 2886.9
521162 392107 5061.0
932761 495093 7951.5
738134 770848 3507.1
892406 511963 -8745.9
148700 867123 8157.0
908044 160869 145.9
129629 520433 7088.5
556047 431238 -8713.9
598792 830035 -559.0
416221 971428 -6504.8
400644 366584 -6527.9
860078 240799 8773.9
321863 378640 -4749.1
822481 225400 -4085.8
805555 468316 -4574.3
619423 773194 -4251.7
883774 724446 3370.0
75777 892774 6160.5
378856 760459 5808.9
234197 409423 6649.9
122713 446377 8395.8
503620 390016 -3207.3
949841 870206 -3513.5
460643 436332 -2880.1
432393 565247 7949.9
602270 762901 -2468.1
264967 908407 -9036.9
844745 174090 -4262.8
33337 671610 -6456.0
564607 477356 -6971.8
448915 670479 -5822.6
620194 566229 9013.5
586594 227795 1549.8
557765 335366 -209.4
456524 339620 -5333.4
512670 899725 -4218.3
904759 595134 -1353.9
997153 996893 2568.8
823065 310870 -155.0
987482 148212 -3934.3
81667 700369 7364.9
722272 856183 -3478.2
900388 803047 9268.3
770134 369708 2743.8
860426 460181 -3820.6
139176 879179 -3826.8
361427 824743 -2743.3
745282 714722 -9628.9
677250 28651 1791.0
12945 642521 -6180.0
555803 407408 -8256.1
184163 212224 -1402.6
831727 796103 -297.1
85675 984746 -7232.8
120363 38398 -887.0
946831 420109 -260.6
245072 944158 -7352.8
429562 391562 -6650.1
234354 290448 -6858.3
547766 271549 5708.1
165032 900874 7511.1
137371 702736 -8785.8
766951 153781 3093.1
698939 304894 -9122.3
111367 757443 -6514.5
821466 880764 593.3
650211 23826 6853.9
79519 518252 5278.9
169746 568828 -8020.1
858955 267909 -3933.9
669300 746706 4412.4
709336 310530 -9455.5
381428 858380 -8648.9
160703 710120 9106.0
893737 747429 -836.3
636554 67559 -4600.4
255191 171467 -7108.4
904607 904040 -6313.3
827990 859684 -329.1
745011 414067 1150.8
445191 658725 -2153.5
750155 969069 3250.3
264578 204788 7209.3
263693 928421 1466.4
671940 526345 1382.9
739241 794469 9309.4
829838 326246 1599.0
64867 795529 4497.8
576599 281274 -9714.8
38394 822513 7072.2
957772 584339 4197.7
408299 343582 -9306.8
762287 492093 8255.1
869001 401640 9164.7
746190 499411 2985.5
868420 146452 7236.9
349551 560389 -3989.8
14909 932080 -6893.7
806954 344928 2369.0
593490 451306 -5809.9
48844 741038 310.6
89858 182710 -2964.3
455813 530594 6025.4
97446 540988 9607.2
106824 499449 3436.2
474694 846966 4132.1
306124 594309 1999.4
488278 662501 -592.2
718487 933604 -9827.0
48549 986056 -5858.1
889601 134872 5252.7
430083 597364 -4067.6
428171 900155 5464.9
295301 517218 -105.4
226031 385211 -4908.5
788359 529533 7204.8
598607 165211 -8890.9
744180 693285 2638.2
327264 724918 6289.4
447565 523930 -57.9
744819 179186 4536.4
349117 494240 6205.9
461247 343682 -5503.0
833856 933877 -7989.1
68905 935335 -3174.0
7693 328868 5478.5
223602 961767 -332.4
387361 432881 -5884.1
436569 821043 6963.7
382888 488987 -6035.7
236145 586599 -6107.0
987897 386000 -7316.8
288082 320267 4568.2
378851 757631 -3743.9
925352 247665 7318.3
896063 526681 4357.4
795830 303071 -5422.1
341732 331740 410.1
41559 989009 -4727.8
948152 846648 2071.1
573327 775536 -9677.8
298398 264162 -8515.3
646907 467310 -3142.2
614808 922135 -3419.8
454032 146876 9412.6
575817 815876 -732.3
963890 955238 -4776.5
55757 929288 3191.3
311249 554185 -3682.7
609886 601771 3729.4
800811 800487 4425.7
6353 448697 -1448.5
921483 258021 549.2
229623 997523 -8615.7
570902 886776 161.4
316381 641903 5352.4
902219 821379 8604.8
846184 79119 6105.2
757341 720064 -508.4
353738 27932 -4861.5
901826 598714 7992.9
12089 97203 -5148.4
45977 19981 -6678.0
297600 885710 9083.5
873793 237701 4592.3
256540 961455 2721.5
676 273190 -617.1
883639 609190 -3875.8
986331 485534 4216.6
814877 822254 -3147.3
722545 631134 -2316.2
592736 470647 -5189.5
16473 59831 9363.6
134969 62343 -5754.4
858777 575790 1165.6
153358 94174 3736.0
987589 862385 -3140.6
861163 235510 -1219.8
783836 819399 -2764.1
714675 676970 6142.7
604095 913167 -4697.4
202201 32210 6291.7
108877 301715 -2636.8
272180 913790 -6791.6
723455 581878 -6053.3
872944 84655 -8100.7
761980 3153 -5252.6
605399 872997 4952.9
831960 609597 -4906.8
745253 557494 -9117.2
563529 240335 2868.2
601777 177196 4145.5
161868 548212 -1714.8
505223 725530 4712.5
638575 108829 2487.5
139319 649727 9855.8
395908 188922 -1152.7
741865 709597 -5678.5
534979 168479 1508.4
4913 361696 6273.0
8395 235796 2416.1
830079 371374 -9045.8
631196 647724 -4384.7
465503 772900 -805.4
45850 481413 1551.8
641198 137622 -8182.0
732719 843757 3101.7
739511 192951 -9869.6
519454 976019 3413.3
401835 92542 6351.3
509489 240011 -9598.1
347628 646891 -9957.1
500590 121158 -2525.8
304921 793494 -8349.1
46337 421761 6103.1
95385 679978 6160.2
827394 914405 5559.1
833855 678379 890.9
247146 6294 3008.0
973082 588822 2043.8
26835 461020 -4543.8
954213 371452 7730.6
188351 429538 -8459.5
837117 561785 4942.1
147922 248488 2635.3
232977 780171 -2547.6
977903 859001 -4004.8
272494 765566 -4154.4
271696 72423 9352.1
15658 581196 -5651.8
791283 474404 -9739.8
544732 929857 -5696.8
664796 137034 -3837.0
900283 841751 -9275.1
969879 963936 6565.0
919111 419551 4406.7
326764 179174 -4717.4
121320 483077 -1307.7
884297 528928 -5376.7
794912 173110 -4331.8
895507 417966 -4916.2
901839 632737 -1281.2
495724 569575 -7541.2
727027 635650 4528.6
9349 110307 4006.4
428443 364654 -1418.2
526280 772735 -5451.7
644603 997055 1999.8
803918 172198 -8848.2
275232 152169 -103.4
655087 737727 4449.6
203447 691869 5245.5
660988 136505 -7735.7
660782 294478 5035.3
696774 130700 455.0
564362 5253 -3713.3
568790 116135 -5034.5
607602 769246 -2833.7
663948 301731 2549.8
611909 624289 -300.3
411379 890644 2285.2
55325 547041 -7070.4
330207 454608 -3931.5
53808 289058 453.2
730562 849073 455.7
40989 933419 3363.5
6057 966971 -5423.6
622270 691947 -3943.2
867378 651556 1805.8
233869 250667 -2708.6
224870 653029 5142.8
408143 661084 3086.2
327284 884733 -2171.1
561424 170322 -4197.9
505894 614069 9769.2
803136 704398 -7619.1
205819 356572 1131.0
838688 68480 572.5
431343 114046 8323.3
124220 200895 8747.3
278127 97766 -6721.4
475583 313571 2377.2
622138 502159 -951.4
721959 743073 -95.5
19171 804150 -3990.6
317865 384889 -4199.4
43578 924761 6622.2
460212 823134 5123.2
195008 623490 -166.0
967861 245589 5565.6
798495 472061 -817.0
727621 392355 9186.0
503667 599879 -2538.5
484736 429489 4783.1
885329 362833 8711.0
141028 230459 -3711.0
668722 6551 -786.0
409223 706934 -4706.8
701869 349833 -6387.0
453897 679408 -6993.5
472678 229992 -1741.9
75785 209063 -2712.4
321162 243271 8849.1
852859 627099 -5116.2
295800 243304 2132.9
819209 222860 -7867.2
948914 187638 -9626.3
401537 227872 4408.0
496263 629509 -3763.8
345511 341642 475.2
771241 502052 -6794.5
535799 105215 487.0
317389 922246 2329.4
118791 810960 3166.3
627318 460362 78.9
593445 653484 -5071.8
46518 566895 7846.8
362212 194127 -9313.3
239362 168934 -9309.0
770998 690437 9248.8
614425 473232 -4572.2
122866 144420 3928.7
926840 446992 -7428.9
172459 149197 7665.1
113772 185786 5021.6
146614 560382 -5389.8
549936 68505 5368.3
63633 846554 -2521.6
530065 274505 4975.0
718048 762099 -1049.6
254289 764318 -9512.8
820355 337795 -4680.4
542171 76033 1595.7
798428 838095 4783.9
568211 31057 5427.3
146992 411068 -7431.2
184968 300125 4823.9
27793 55241 -570.3
728977 393692 -2705.2
964143 431887 4800.5
824304 78880 -5210.8
213212 329637 -1468.1
425428 959781 9173.5
170704 652897 -2438.0
352203 699967 1191.5
546315 435881 -4776.4
689820 141381 -6016.5
250954 547976 6689.4
393112 298805 -9934.8
630702 831613 -1698.3
466094 405603 -9451.4
25423 51487 3031.8
509965 824279 -8284.1
228934 327538 4024.1
681236 483569 2781.2
281700 711314 -9918.6
613822 622792 -9507.4
652289 782330 -4660.5
69097 958830 9091.4
830214 824698 812.5
933237 134971 -1859.9
26216 578026 5124.8
199353 918772 -2499.3
821514 599456 3711.7
953158 208121 -8841.6
35881 552961 -2491.6
578484 776460 -688.6
693019 760487 181.3
709284 597581 4693.3
331638 798957 -9944.4
50431 398222 1384.7
377125 269950 -9001.0
556806 882258 415.6
548377 842481 7429.8
586681 809168 2225.9
738219 575064 1446.3
579671 432618 2623.2
645357 545277 7189.5
240794 855888 8472.9
144643 134825 -3531.5
655480 43077 -3894.3
974497 839242 3772.9
439168 372221 4359.6
532481 819125 6358.2
20698 533222 -6289.8
718973 141136 -5457.9
404049 146022 -4221.0
392851 463001 -1900.0
194737 732519 -276.2
212631 832338 -1842.8
855409 788856 -2647.4
55216 163059 1507.3
16191 194803 983.9
500237 599908 -4205.1
757956 753281 417.3
313976 169157 519.7
327936 183251 648.9
507083 721403 -5432.5
787550 676448 4188.2
899217 417486 9269.0
874763 202809 -9033.5
458634 604510 4989.0
745595 408096 4309.7
735651 344233 6675.9
749583 795979 4052.9
414441 549571 4174.0
973539 327444 -8238.1
450549 319728 9457.7
66275 852041 -1016.9
643477 53147 8042.4
415387 972489 -6238.9
398605 175217 8983.5
746839 591538 -8815.7
736514 384094 5627.5
948048 485849 -2795.2
874475 333293 -7684.7
617401 37951 7377.7
897144 914287 4251.4
646932 661722 469.0
998843 944589 6868.6
616174 634490 -2637.2
713835 210236 987.5
688461 639597 6635.6
111912 990427 -985.5
697547 768473 8384.7
950532 619539 1592.8
488931 791436 -1202.5
43084 545538 4686.4
313744 272267 -3364.5
372455 216836 252.2
837007 694725 -4885.9
647481 465099 9004.2
364569 560462 -47.0
993672 89930 9138.2
640907 582746 2590.3
599419 326230 6376.0
729625 498586 -524.9
241720 190573 -2803.1
45917 113776 -5518.1
876451 543300 390.7
575161 736059 5340.5
902170 218008 4154.6
528543 879793 -935.2
318564 892631 4514.4
38425 79270 6303.9
393550 295385 -7006.0
662434 146453 5062.3
127597 671463 -3116.2
893986 163962 -7678.3
883820 569396 4922.4
969664 726295 8337.0
11346 732688 -7920.1
162592 520522 -8159.8
536433 32947 -4777.6
154234 76959 -2462.9
114992 10713 1026.9
380497 111972 -4472.7
478291 403268 2490.3
944185 520051 1348.8
698699 831879 3365.3
121085 160224 3112.7
532817 999213 -3687.3
243022 81086 -7028.4
401033 650885 -1010.7
658077 582551 3131.6
538126 554086 -6867.6
755206 640692 3422.8
352880 402014 6153.4
862876 113305 -5834.1
741803 797894 6012.2
171920 549178 1887.9
180678 123746 1405.2
654086 478257 -3129.3
794905 839223 -3809.2
374276 551216 7295.2
214414 65764 2846.7
461614 42255 2619.5
731524 869650 3197.7
178473 785776 4091.2
666671 644164 -1141.0
833472 294145 -1861.3
698361 140033 -6843.2
84539 440005 1621.3
392042 785378 1367.7
388348 419763 2999.1
548801 96234 288.2
453131 91048 7519.1
755078 412768 6188.8
835645 359413 -9311.8
450417 161217 -3758.6
163584 589212 -9085.4
820302 142331 8718.7
374850 380292 -782.7
85825 166932 -51.5
14508 672320 -2679.8
968146 663356 8181.9
842587 590356 -5336.3
436075 764172 -4354.1
115316 156706 3945.0
281018 628696 2922.8
143775 745711 -7486.3
711235 993197 8798.4
797143 55612 -230.9
483095 138934 -8199.8
593075 14042 -4290.0
37667 801015 8961.5
305842 345674 -6214.1
380308 61150 177.2
861089 774769 -2713.8
876059 246840 3438.3
583534 830554 3124.5
696885 718590 9625.5
305671 938751 -4258.8
923380 477864 3917.4
660861 32291 -9444.5
233670 942518 -1701.8
262807 180010 -5781.3
870592 815192 4819.9
639080 423465 6741.1
108599 855084 -9417.2
891903 733283 -9812.2
363958 759152 -4167.9
289437 822873 3455.5
9995 936240 -9170.1
631181 376690 9499.1
119832 272963 -4248.5
607989 768059 -451.3
748273 849579 -9327.3
392362 500020 -3365.5
522406 814006 -7784.5
561054 354899 1121.8
217317 387371 -5724.1
239266 657582 -7840.2
867093 602820 2145.1
53232 257437 -6641.3
698866 488391 6920.6
144173 748784 8428.7
114413 824247 -2872.5
104303 23227 -2146.5
401966 993023 261.2
286768 836461 -9488.7
530610 593291 5112.5
587004 498981 -1857.1
533442 944013 8678.0
389778 101699 -2119.6
93831 56762 -5083.9
244288 255931 919.9
721308 548388 -9432.3
616342 978356 5538.3
486626 45926 -9954.5
900607 843739 -3940.8
884022 211540 -2127.0
290141 243130 -4150.1
147338 657377 962.2
967205 364331 3189.4
219369 111294 -2483.4
335593 858279 -1548.4
930463 742560 759.4
440479 878147 -6811.8
905454 110558 -8777.3
594530 567094 -3788.5
423494 733860 -1927.5
224447 774996 6396.8
105658 40055 6839.6
479428 297622 -1270.0
14391 439627 2922.6
164830 859142 5918.5
422981 688346 2919.2
930745 446050 -3393.0
362177 275066 5453.7
24764 986471 -5218.9
829487 36093 979.4
545297 235871 5899.7
559345 960141 4869.4
88886 446755 2146.5
246520 613497 4547.3
885464 388378 -4094.9
416874 513697 -111.7
530597 931141 -1559.5
955444 84267 -3088.4
142445 836249 -7496.4
952165 287830 7471.2
855207 698057 8041.4
190107 503347 1386.3
772953 169432 7775.3
80542 180011 74.1
979894 739454 9519.2
809096 307333 142.8
264669 667484 874.0
174336 851926 517.7

467718 34138 -7003.7
513098 547434 -7651.2
965118 99611 7686.2
537685 909287 3217.5
145992 202356 5202.4
455292 574506 6504.7
833017 606336 -2785.9
385656 178598 6053.2
931582 433040 1921.7
449290 25703 3487.3
665079 523568 -9710.7
289147 10876 2151.7
841973 18776 5298.8
414572 212258 6809.6
96589 542107 7736.1
331636 736123 5344.4
60181 157040 4555.5
713626 980680 -4066.9
554718 63753 -460.0
365488 280418 2154.3
237154 544548 8660.0
906471 697473 5473.5
522121 234967 9257.7
538348 41646 8771.7
850341 836055 7579.5
529500 808681 463.1
240229 836038 1865.3
444711 9015 -566.6
2277 315380 405.6
929556 500201 -6894.1
357529 163972 -7507.7
721820 788053 -5113.4
925088 294908 1339.1
120371 88092 9493.2
680869 982856 4508.6
650194 494099 6109.9
645437 236121 -3483.8
680178 602071 8199.6
681772 315519 7753.1
415991 106179 -3343.2
425837 555829 -1953.5
163717 726944 5952.3
990373 420146 426.5
990107 117186 -2881.4
791473 850633 -6362.2
399869 970904 -4683.7
971827 205880 7996.9
372330 270626 1797.7
231369 295901 1851.8
194680 416938 9631.9
196741 231563 5637.7
315640 217836 -4210.9
307028 245054 -5813.9
312262 455330 -9017.5
741181 689467 -1018.3
174291 997764 -8248.2
263960 369955 -5319.4
911863 677882 1051.2
973090 510632 -7947.5
66841 966929 5480.4
168384 92845 2135.4
342624 729472 6865.1
278743 106447 3490.2
715617 327153 4889.0
273511 803751 8639.9
403940 814552 141.5
420240 736858 4523.8
439693 64141 -2051.5
477345 2981 5633.4
690809 160082 -8993.6
245134 471174 -5238.5
626488 196088 -7605.3
471527 540894 -3292.1
914401 753989 9726.2
530166 349023 -5103.0
629761 851971 -6938.2
988519 612841 -8205.9
933393 708050 -1080.2
616796 692869 -570.1
3594 79372 7175.3
514782 14258 -7563.7
788814 99369 -971.6
149596 937922 -9807.7
44308 444892 3370.9
429129 891239 -6599.8
78739 587953 -6766.2
156263 991350 -3474.6
118036 426052 470.9
977568 839691 -2621.5
34032 169211 6357.5
39500 313283 9097.6
360414 274296 969.3
816170 243284 3923.7
800636 160462 295.7
442664 650687 -7911.8
308704 867682 4704.3
470955 837814 587.4
764843 936227 -2714.5
854379 324183 7155.7
575336 67142 -4582.2
514996 352680 9472.8
891528 716153 -1279.2
102754 326199 -5803.1
942571 392637 -9708.4
299945 268752 3600.7
293095 392647 2275.2
790690 959952 -8771.1
275331 644180 8397.6
304440 927551 6283.0
252781 460227 884.1
867859 361241 -8454.9
989420 740135 -7080.2
798230 466753 -7303.1
591215 668754 -1868.2
812919 645204 9.5
601337 363157 -8070.1
872181 816785 -6548.8
867177 880355 -621.4
557276 942583 -7054.4
681267 419851 -2557.8
861183 725305 9939.4
219637 139003 6448.1
885704 533243 7168.1
58353 655288 -9563.1
14383 807992 4995.1
994469 856410 -594.3
727173 50514 1155.8
436950 532234 -5587.9
550368 439718 -7706.9
458184 610102 -1418.1
573149 991160 -6565.2
224710 729005 2306.2
305089 629377 2641.8
57846 159498 -907.6
113736 453005 2895.0
806110 160696 8674.8
565090 284403 2898.0
221654 408998 7810.9
443564 913410 -625.4
958604 842075 -9105.6
854585 231501 5637.6
425941 649402 1254.5
321597 808894 9554.6
778790 600330 1106.8
699100 489402 9387.8
747763 492445 -2902.6
648282 76922 -753.0
822307 805750 2089.9
202777 509687 4238.3
473239 555539 -6294.4
121102 456192 -7601.8
313077 224552 8757.6
338598 849703 1968.2
492041 652167 7217.5
876172 726440 -5167.9
333537 617486 3781.2
872159 517571 9066.2
449130 497033 6370.1
621485 591616 8880.9
303824 241389 -3596.4
728294 961032 -9376.2
540434 340056 -5640.7
596074 19874 1651.4
305464 158362 1349.9
372955 771386 3757.1
157971 796804 -4682.1
235484 407042 -5274.6
643831 956009 1550.4
876982 347589 5602.7
130220 876541 -1849.4
349357 994045 -4858.9
563207 664833 9570.1
420960 971866 9009.8
962201 434335 -2051.1
792332 714547 4872.8
924621 671365 -3981.3
205466 570082 3958.2
990410 950153 -3112.7
778695 967826 -3655.0
199450 521377 -1174.4
738826 384568 -1874.7
885335 265353 -8446.7
444623 430894 6764.7
482482 742617 -4819.1
224865 492711 -744.5
75110 955213 -4802.2
127128 608115 1097.7
998689 366350 -8358.2
240485 305214 419.5
429883 935678 9303.7
93455 365016 9857.7
210815 216763 3606.0
113121 346934 5903.8
949601 204221 1960.1
306413 176969 4489.5
956736 665957 7524.4
405821 944292 -5940.6
289381 741480 7310.5
658634 894634 -7559.1
899808 669156 6984.5
389711 464317 -3883.6
998553 513688 -2902.0
179532 225183 3002.4
156268 809736 -1041.7
92765 818568 -1639.1
477934 758476 -7937.2
342716 478296 -2488.7
241518 664390 -1431.0
920519 546571 -5357.8
9189 80987 -6797.8
908053 602898 -7684.2
431408 864858 3756.2
94916 390345 1822.4
685177 396280 -8272.0
230556 982156 -6609.6
453218 678858 -905.4
965231 159514 -6646.3
336000 421181 102.5
964058 671180 -2757.5
951353 865463 -8792.3
996821 582698 9606.7
877770 134846 -9696.6
359262 108296 -6526.2
119963 942615 5772.3
339848 375998 3881.1
260961 390102 8022.1
581042 886533 -1725.5
882776 684548 -1197.1
33932 148629 7691.2
70314 275463 6730.9
685794 807861 -4034.6
169348 568934 301.3
579088 277438 525.2
481273 987289 2842.9
831884 230811 1866.2
339156 239323 9309.7
806167 479603 -5534.6
381834 581544 -3289.4
656721 742720 6192.6
440781 719684 -7577.9
609832 544183 3520.5
543498 460351 8467.7
823714 787912 -6490.1
238735 72628 -7260.2
647063 488062 9017.0
943792 625574 -2751.4
903774 2650 -7414.8
924725 517944 8664.4
733538 639297 1456.7
372004 693570 3962.5
877150 740256 6205.4
15404 652742 8138.2
155956 640242 -418.6
330327 604250 -6632.2
521211 900123 7751.5
193549 296630 1872.9
493221 459026 -4196.9
570886 582694 365.6
505469 581165 7184.7
999964 198933 7138.6
87493 686582 -3074.1
203256 189318 4396.6
99421 481774 3693.7
507677 89348 -9986.1
814069 257725 -3674.9
237814 511322 -5278.1
594762 961043 3832.2
660868 513873 492.8
21478 800383 8738.9
452026 946294 -1846.2
956839 462081 7154.8
352417 233765 -3030.2
751713 3440 4033.9
786202 773816 4222.3
169601 810246 1574.9
462025 253969 1430.1
73474 476099 8621.3
735612 982930 -3468.5
935748 369627 -3386.1
334908 670511 -636.5
824939 202697 -9176.9
612620 926610 -8764.2
967292 285674 827.3
626862 738389 7156.9
769919 21647 6729.2
931068 50518 6927.2
878566 526397 6091.7
800454 407172 6817.1
228734 598016 5853.0
486883 457922 2211.8
48591 162721 -797.9
417142 476449 -4198.3
86571 632137 -8048.8
233230 895701 8803.4
935352 292166 4137.9
461100 569515 97.5
536102 931000 2410.4
247918 638823 4621.1
858806 560837 1159.5
571569 63507 -1721.5
420531 307900 -4338.7
433868 478601 3032.8
456088 926138 8056.7
79507 484851 -3985.0
154664 935071 3936.4
653350 643332 -4250.6
487686 245833 5264.4
716151 49733 4295.4
112364 931341 -283.3
53426 943111 4958.8
789930 449217 -8354.2
778723 224152 -2918.4
386374 278156 -8529.4
167016 215535 -8393.5
561787 753734 3098.1
288780 580781 -4169.5
645540 595271 8983.1
602037 60689 -1654.3
912738 114550 7440.1
719726 683001 7277.6
99852 645159 713.0
523313 597921 8770.6
519362 712935 9716.9
999506 511398 -9618.2
184395 817100 2052.2
261734 574319 2362.9
936577 374017 -5237.0
874904 724967 7676.8
933052 451559 1767.4
902983 831669 5713.3
422501 359374 -9920.2
328903 617504 3426.9
657633 318195 -4730.7
557755 517742 -4062.8
72363 526094 -4719.0
803249 373794 -3619.5
556040 852570 -4.0
129250 341040 7444.5
496695 353257 8590.2
388838 57820 -3054.7
771533 352752 -7029.7
32207 72940 5411.1
176556 734202 -1640.1
524773 222195 2576.0
772456 716981 1823.9
106766 231694 321.9
50024 708893 7418.5
614353 652295 -6749.0
687929 405474 -7989.9
597845 302889 9591.7
216775 261103 -2165.0
613137 623963 -6969.2
315094 459684 4629.1
606853 811577 -4569.2
541728 856528 7598.7
343694 261909 -3190.0
542289 214947 -1696.5
385151 624342 -9954.4
208099 326045 2973.2
879121 105848 -2833.5
843221 741833 1311.5
882957 305541 5581.8
739078 450163 -9455.9
100951 638012 -2368.7
30796 357422 1446.0
547671 707117 -4756.7
598095 742378 3766.7
658253 32580 635.6
205847 281710 9021.6
431155 425431 3720.1
150174 660505 3168.9
979034 884998 7243.9
320073 456863 -403.1
928097 172155 5483.7
769807 501363 -4285.5
160501 999142 2455.8
101658 280409 -6076.1
946521 7088 -2662.9
660335 137273 -4243.3
426258 88283 7206.8
369166 212251 2827.7
453107 656043 -4148.2
376256 250635 -9745.8
125169 621659 -9581.6
270780 681328 2734.9
341156 635773 5060.3
953814 374405 -2985.5
789937 838751 -3460.4
238820 495092 -2447.2
217578 799711 -844.4
788109 340256 -6050.6
772756 548588 2023.0
53490 983062 -5129.2
204540 681542 1414.9
553716 340510 -2136.7
143599 635181 5666.7
60551 612191 -7245.4
454263 938284 -3020.7
37881 675450 3841.8
316771 982588 -7961.7
163000 285231 -1689.2
410376 902982 2050.5
878367 625836 -2847.4
869349 16028 -433.5
388831 150979 9215.1
547616 118467 3241.2
932926 953345 4373.1
349812 870486 -7891.5
662531 707098 44.5
910622 147002 2184.9
117135 872293 -8654.3
274860 449750 -4754.4
233991 630902 9745.2
27068 626165 3087.8
619073 576528 6349.9
719896 753615 3174.6
594714 77718 -2595.4
252103 965595 4445.5
329329 568371 1936.3
895509 831089 4969.5
837180 513154 3960.7
708199 212291 1041.9
174141 86498 2657.6
30675 938748 -1641.8
376142 942779 -7031.2
910105 629285 -487.5
372550 653977 7452.9
782616 407327 -3110.8
967342 376506 -876.3
562901 448455 8564.9
994622 283906 1187.1
833664 661087 1483.1
718171 195750 -7302.2
545084 316037 8191.3
436446 615487 2111.1
8580 754246 -6181.8
759818 467591 -2727.6
638300 363017 8172.4
985242 73112 1274.2
785486 344715 2272.9
974045 110002 9497.0
974240 430176 -7682.7
939620 773359 -5479.4
389467 769094 -4530.6
99463 724240 6625.6
334748 449586 272.0
856007 971474 -8952.7
894688 454113 -8920.5
770386 733592 -100.7
452528 373519 798.5
587777 483354 -1939.7
954321 891518 9499.8
648488 922041 -5957.1
288064 245820 -2488.3
481689 444361 -3605.1
268800 463399 -1313.9
553889 934537 380.6
229680 69796 -7481.6
336188 629750 -5000.3
397378 538429 9063.2
52723 767572 1618.2
492175 470666 6842.3
622524 109102 8631.1
466653 361360 2221.6
911710 453366 8744.3
613969 79117 8833.5
153809 553807 -2292.4
528352 520259 -2044.6
120570 256307 -565.8
243530 924060 -9643.4
775768 727168 3845.3
424823 974818 1057.1
55202 869642 -9006.9
671020 135949 -5861.5
488960 479188 4029.3
251663 89675 1193.1
166502 681078 8251.0
773322 869813 6490.2
639742 536727 -6128.2
4196 821672 -6212.0
158459 246003 -6639.9
589787 255809 1908.4
770587 393674 7368.3
289722 147297 -4645.9
631176 375802 -7003.0
437702 23547 -8552.3
871523 569810 3238.2
910719 128286 -8166.0
613316 706977 4799.0
891018 690776 -9680.6
702181 231966 139.8
662552 71659 -2306.9
158032 525019 4983.3
540112 84546 -4455.4
115522 593410 834.7
328753 23791 -3375.1
825662 321027 -61.3
167281 614996 -5416.8
327042 883219 960.9
882248 96977 1477.4
55171 799640 5872.7
373757 823555 -8183.5
594038 274612 -5732.2
524847 908813 -4836.0
905818 854739 -627.8
847704 459812 -9510.9
909542 593388 -4627.1
257625 440682 -393.9
854049 927075 2840.7
969027 384494 8301.5
595349 182306 -3447.3
780099 862022 377.0
352736 774719 -4802.0
398431 965569 8400.1
770668 898779 -7618.0
170472 60294 9714.8
382835 680512 -3282.2
239412 738466 2003.3
285851 673469 -4673.1
234834 702026 5706.4
908131 257841 -7438.5
497229 124135 -1924.7
623011 453309 -9938.7
163986 889435 6015.8
832447 567023 8531.8
641826 302829 -7455.8
839696 986225 -3363.2
107073 916103 -1608.3
871104 698485 5241.2
387911 767632 -2937.3
624149 772934 -5177.5
25960 188780 -4082.7
901377 756290 -74.5
155600 558528 -7252.1
845602 238216 -4412.1
995267 571760 504.4
796603 391597 -8221.3
812344 674394 3813.3
720167 401945 -7068.7
770844 591058 -1002.1
257911 476558 -3894.6
396740 584694 -6134.3
802804 656044 417.2
262520 201643 -9098.2
945728 108417 -5960.4
577449 746039 -2994.8
371213 909959 -3822.8
552029 311519 2390.5
10201 267878 8581.1
798261 311539 -5475.9
820878 791255 -6503.9
61761 649783 -6644.1
432492 289018 -5439.7
894252 513086 7544.1
293929 331219 -3111.6
923468 387600 -2241.1
629154 225288 4553.6
761257 367830 1854.5
189003 681615 -6243.4
143932 818728 -88.5
701035 329478 -66.1
935069 486839 -1383.4
292049 629160 6774.1
966076 210783 654.8
28058 138315 -3913.5
310145 664864 2430.0
621573 918743 -7014.0
387583 484215 -8004.9
270354 156372 -7331.8
921963 350213 -8734.8
272293 212548 5922.3
369280 484859 3308.3
31352 891116 -8512.4
768654 528053 3340.4
697994 829269 -4844.1
409336 970511 -5202.9
375799 484902 3545.7
546772 110819 -9227.7
281311 498660 3751.4
949283 614417 -3853.7
552282 104869 6824.3
105086 658247 -3985.1
276157 312575 -3253.3
45194 88486 -7255.3
6643 774585 149.3
612152 659111 -8672.9
131835 553281 894.1
219159 192527 4165.0
297740 343255 8305.2
196178 502285 -722.2
187958 33124 -5509.3
724696 583540 -2192.2
736224 635692 -6704.4
551021 698205 4702.1
843955 905615 -8581.3
185242 321952 -648.6
417767 843324 6387.9
11106 133719 6950.2
150935 559412 483.2
316710 118128 6508.2
636343 972366 -5703.2
592182 76934 -5333.1
308451 955086 -9063.7
615672 219378 2432.3
170549 256426 1355.4
1340 456723 -3634.3
30627 712272 7860.6
688712 49935 -2956.0
348493 656020 3404.8
657832 738672 -9122.5
492457 248098 -9100.8
621323 869318 -1194.1
480851 152274 1223.3
212993 784562 3900.9
906082 230677 429.7
625270 74294 1578.8
449503 700985 -2829.2
59436 507454 496.1
163132 804822 -7394.5
948561 106747 -3426.1
714691 513967 7363.8
193351 41635 9437.4
464019 919338 -2544.1
299183 281307 -678.8
156012 858886 -7687.2
587347 850892 -7723.5
522269 41925 -3064.6
468858 462823 -1223.4
508756 45722 2688.3
312739 215804 -5260.1
851312 574087 4010.7
881764 565113 2978.4
242934 296452 8777.7
186474 429033 -5883.6
940243 285563 9244.4
962416 811739 -7837.5
791567 597237 4803.1
893490 47553 -9826.4
510855 580707 -153.8
798815 436919 -1616.4
917769 836012 5750.2
255186 806838 -7447.8
67940 490771 9682.6
649431 248127 3096.2
919271 334651 6571.6
698152 710318 8392.6
786756 251284 -8120.5
908050 365055 7204.0
99896 244043 -6596.8
806269 868681 7817.0
388282 906917 1542.9
330194 612452 7066.8
618641 109975 7909.1
341071 135076 4306.2
373382 502004 9156.4
706570 705526 -6419.5
308114 505893 -936.8
345237 374124 -5259.8
728426 91262 5947.2
795979 975379 275.7
757474 523659 2720.7
822481 247857 -162.8
937308 272085 -9626.7
872365 563752 -87.7
108705 853435 5511.1
716444 973921 -8866.3
955594 421706 -3178.4
1072 83094 1471.4
207191 977750 -9644.4
627058 551813 -6111.6
346991 272011 -6939.5
517536 779133 6866.3
220849 254536 -1270.9
451293 721722 -518.8
11375 282287 8091.1
799612 90814 -5329.0
601629 887708 6707.1
98771 913367 -1743.8
245077 251624 959.4
261767 98367 5591.9
805902 180892 -5534.6
757418 483404 1151.9
783142 115056 -4122.6
669406 680780 -6896.4
681224 658918 9625.9
914351 941862 9434.2
629817 125484 -2763.4
104591 204740 -8402.7
201255 959028 -7466.5
557516 187929 111.8
350451 204121 -1757.0
46722 45583 6463.5
411251 601842 -6164.2
769337 961387 -321.8
654265 604857 -6384.3
762786 600727 -5195.3
447152 574011 -676.3
93094 386757 2755.1
188958 313721 -3449.3
901802 564678 5256.5
836054 488926 -702.0
895925 846503 -9524.1
601855 123962 7596.5
806766 421030 3557.7
193260 404389 -944.9
189889 883706 -280.1
250788 640213 -6781.6
506861 866774 -1317.9
937042 82825 -7073.7
497295 326768 -1899.1
461861 307835 -3852.9
759196 816175 3349.5
37232 912749 -995.7
531403 792292 4487.5
497099 108262 8580.6
340140 693871 -7376.8
880032 355653 9422.7
236789 881595 1583.1
721140 632640 -973.7
556971 83666 -8521.4
48739 300136 1188.4
69851 992329 -9100.0
934461 219295 3587.9
806090 262100 5135.0
32922 462436 5673.3
117763 894493 4729.1
736317 368328 -407.6
964895 477350 7304.0
629270 603717 6500.9
434150 626990 -149.8
540727 730684 -8758.7
935730 972094 -7295.2
337001 974267 -6741.7
917322 409310 -6700.5
256919 852613 1258.5
461891 359308 715.9
446099 772669 -9300.6
566854 291401 -6446.4
419280 191142 7677.2
59976 347187 1079.3
435632 976023 8263.4
850849 309230 8472.5
653908 594621 -3849.3
661203 265653 -7441.9
190894 860594 -9430.2
176393 949384 5314.3
635817 157104 1220.3
665740 426588 -9447.4
652817 4719 -2561.9
489466 658696 -3488.9
988384 753432 -9785.6
709758 252720 -2647.9
172488 807476 3816.7
227660 364778 -9356.3
778514 883022 942.1
982356 301144 -8637.4
913195 488309 9238.0
8081 228720 9638.4
6025 283583 -2632.1
94113 821552 -5752.4
918889 701351 2222.8
402985 527558 -3892.3
752674 739871 6671.8
29697 78332 -3217.4
700923 732626 -2841.2
125813 281320 8345.7
375666 476305 9119.3
129390 554908 1361.9
341687 898236 982.1
608407 233193 3406.6
281261 744199 -4679.7
142939 177387 -1162.2
685126 894403 7622.1
494453 140245 8498.7
593208 233296 3551.3
402334 112212 6398.0
468266 105376 -3981.0
831027 852848 7280.8
937590 890965 8410.4
305735 276713 -1412.5
29972 382251 -9745.1
953406 18961 -3580.2
647841 312304 1258.8
954213 215971 -7000.2
574963 369930 7667.8
491988 258231 928.4
989527 264685 266.7
382910 207882 -4424.4
125830 857306 -6734.9
430605 705784 -409.4
420176 308861 -3731.4
190105 205992 5736.1
883789 895153 4383.5
475413 83128 -8746.8
759788 920179 3855.3
317059 293328 -131.1
51299 157286 -5764.0
12532 900415 -7162.3
178266 525306 -8558.1
784949 681085 8580.0
533182 945253 -4015.7
798992 552606 493.2
999015 321435 3333.0
613167 973735 -2848.9
307127 344365 -7943.6
492956 604201 -7686.9
432116 481142 9203.7
145376 551238 8093.4
211757 812886 9504.6
457135 235523 -6087.0
999739 668592 -100.7
655347 739925 -4421.8
37879 190525 -5393.3
927400 414832 -5529.0
720114 629306 -1288.3
702545 397039 3955.6
244854 11363 -7006.7
397666 868668 -2634.8
496971 640168 -2072.3
197966 990840 -161.2
355006 535106 3824.6
444957 901335 7692.6
387134 49485 257.1
899444 852341 782.1
965043 296373 5565.9
881046 600820 7802.3
401561 527328 7012.5
583711 110434 -5814.8
754385 573239 5340.4
845178 466309 8545.4
279384 237344 -9568.6
382732 113803 -3331.4
254533 248772 76.1
632548 53414 -9747.0
906094 261582 -3549.0
132677 924890 -7755.5
449009 979410 4431.8
342436 179363 6455.1
500939 803641 9194.7
175967 284941 8662.0
259618 410532 5176.8
792714 384469 -2491.0
287745 804123 -9288.3
131231 2494 -9775.3
185814 644147 -7514.9
77290 243968 -5286.9
173689 563057 4238.3
681550 894623 2502.3
407130 451896 8743.0
494318 698250 -8625.2
88383 121131 4623.1
565060 738524 4336.8
21467 850516 6910.1
872620 540197 -363.6
976777 973546 8477.7
748354 458786 9608.1
612668 547417 4002.3
731168 433247 7887.9
520778 629617 -2681.0
95807 482270 7822.6
553930 147451 1986.5
949060 935689 -6244.6
65478 251399 8886.1
33833 670295 3123.6
826283 608461 4076.0
810252 904274 -4376.0
252263 207764 -4802.0
117577 559608 -7325.4
415107 713842 7890.5
879736 382634 -1223.4
46717 905376 9555.3
853025 407606 7006.6
266808 316824 -1510.9
657871 531397 249.6
593551 442876 -2590.5
229854 660 -9331.0
669424 190270 5946.1
67811 427810 2476.3
1389 297531 8780.4
484062 806636 7826.8
359886 247453 1579.1
589234 673416 -666.9
9522 85134 -9585.7
305233 797745 1686.6
41339 113623 324.8
86707 105998 -5952.1
427838 519007 4186.4
419118 114544 5861.2
815688 829504 9914.7
658198 934510 -9963.6
5506 99332 3146.0
283380 929530 7387.2
658379 320216 3780.5
399757 727564 6649.3
256849 46925 8685.8
851758 157831 -3265.5
587400 585748 9454.4
3641 935170 -8861.0
892888 599344 -7988.2
419098 146755 2037.0
89774 112224 6662.4
18100 533755 3559.5
483821 681722 8952.6
360248 410730 5263.5
866413 722117 -6307.4
771747 352302 -3375.9
355561 392711 -6544.8
124042 362829 2590.0
708209 708337 -4084.5
341737 882343 8631.1
424060 753891 -7271.1
305138 15587 -3307.7
489419 812 3295.1
692655 962279 1120.7
426493 600124 4909.2
190429 354507 4513.6
212110 258524 -6532.5
69714 321028 2380.7
362213 393368 -8895.9
438671 537832 408.4
893325 765439 -4508.3
844430 646768 -400.0
207597 230326 -9058.8
997573 559967 -7471.2
61379 358700 -1584.1
75127 257028 5511.5
696232 145852 7922.2
731676 915713 -8613.3
441410 106750 -2279.1
566261 61041 -7310.8
344033 611718 8783.0
444938 200503 -6647.8
676105 98786 3261.3
802839 68936 4447.0
290748 553335 8972.1
858945 20170 -4739.9
423827 414793 -4423.5
853971 530436 7763.6
687207 394714 -5403.5
966561 730192 -1535.6
321853 770296 3730.9
266341 100105 -7800.8
232440 643379 2578.0
528253 89495 5654.3
946134 422672 2905.7
251556 982996 -6098.1
801114 908320 5301.0
114240 727173 -5327.4
984575 404667 1637.3
271824 507249 -3315.1
325172 675017 6926.1
71392 7991 3126.1
996124 249223 2100.4
313855 444655 7968.9
918425 727274 4645.8
866055 796251 -4602.2
121101 629921 5125.6
810502 464700 -7062.7
219817 152392 -1284.4
530713 340966 -6687.0
3213 677911 9367.1
993005 96899 8001.0
906831 202150 -9796.9
394177 385951 -3244.7
516771 361120 2391.0
399457 495513 -6459.4
533756 693222 4355.8
949934 732915 8252.1
655244 515738 8504.8
801601 203236 8198.3
125481 485256 1420.1
399254 717300 5565.6
217148 625805 1823.4
591334 334793 2088.4
846697 775967 -7989.6
397953 726899 -4675.0
781099 41471 -2483.1
386953 661269 229.3
959986 372961 -813.6
52855 533694 -6369.4
187058 914006 -771.0
579058 654938 9361.7
920527 421834 -9987.9
979452 304689 -6687.6
305600 642705 -4744.1
616217 638013 -2818.9
993034 124396 -4132.4
923501 388238 -5976.1
562900 919124 2449.0
398085 821020 2478.8
881587 317632 9629.4
124738 518364 -449.3
807923 809533 -2826.4
322195 977466 -4543.7
450091 653727 -7640.0
801063 945187 2426.8
29 656617 -6343.4
696895 156970 -2520.5
464348 124376 -9641.5
817380 16014 -6203.1
